,HG_NM,HJ_NM,POLY_NM,ORIG_NM,MEMBER_NO,POLY_CD,ORIG_CD,VOTE_DATE,BILL_NO,BILL_NAME,BILL_ID,LAW_TITLE,CURR_COMMITTEE,RESULT_VOTE_MOD,DEPT_CD,CURR_COMMITTEE_ID,DISP_ORDER,BILL_URL,BILL_NAME_URL,SESSION_CD,CURRENTS_CD,AGE,MONA_CD
0,김의겸,金宜謙,더불어민주당,비례대표,2100000000301,101182,240001,20210429 213819,2109807,근로기준법 일부개정법률안(대안),PRC_D2Z1W0C3P2O3C1D7Z4X3J4N8X1T8P1,근로기준법,환경노동위원회,찬성,9771288,9700038,0,http://likms.assembly.go.kr/bill/billDetail.do?billId=PRC_D2Z1W0C3P2O3C1D7Z4X3J4N8X1T8P1,http://likms.assembly.go.kr/bill/billDetail.do?billId=PRC_D2Z1W0C3P2O3C1D7Z4X3J4N8X1T8P1,386,4,21,FIC9046Z
1,양경숙,梁敬淑,더불어민주당,비례대표,2100000000145,101182,240001,20210429 213819,2109807,근로기준법 일부개정법률안(대안),PRC_D2Z1W0C3P2O3C1D7Z4X3J4N8X1T8P1,근로기준법,환경노동위원회,찬성,9771273,9700038,0,http://likms.assembly.go.kr/bill/billDetail.do?billId=PRC_D2Z1W0C3P2O3C1D7Z4X3J4N8X1T8P1,http://likms.assembly.go.kr/bill/billDetail.do?billId=PRC_D2Z1W0C3P2O3C1D7Z4X3J4N8X1T8P1,386,4,21,9V18755A
2,이용빈,李龍彬,더불어민주당,광주 광산구갑,2100000000202,101182,050013,20210429 213819,2109807,근로기준법 일부개정법률안(대안),PRC_D2Z1W0C3P2O3C1D7Z4X3J4N8X1T8P1,근로기준법,환경노동위원회,찬성,9771158,9700038,0,http://likms.assembly.go.kr/bill/billDetail.do?billId=PRC_D2Z1W0C3P2O3C1D7Z4X3J4N8X1T8P1,http://likms.assembly.go.kr/bill/billDetail.do?billId=PRC_D2Z1W0C3P2O3C1D7Z4X3J4N8X1T8P1,386,4,21,GKD32201
3,조명희,曺明姬,국민의힘,비례대표,2100000000254,101210,240001,20210429 213819,2109807,근로기준법 일부개정법률안(대안),PRC_D2Z1W0C3P2O3C1D7Z4X3J4N8X1T8P1,근로기준법,환경노동위원회,불참,9771247,9700038,0,http://likms.assembly.go.kr/bill/billDetail.do?billId=PRC_D2Z1W0C3P2O3C1D7Z4X3J4N8X1T8P1,http://likms.assembly.go.kr/bill/billDetail.do?billId=PRC_D2Z1W0C3P2O3C1D7Z4X3J4N8X1T8P1,386,4,21,S741317G
4,홍성국,洪性國,더불어민주당,세종특별자치시갑,2100000000293,101182,210025,20210429 213819,2109807,근로기준법 일부개정법률안(대안),PRC_D2Z1W0C3P2O3C1D7Z4X3J4N8X1T8P1,근로기준법,환경노동위원회,찬성,9771167,9700038,0,http://likms.assembly.go.kr/bill/billDetail.do?billId=PRC_D2Z1W0C3P2O3C1D7Z4X3J4N8X1T8P1,http://likms.assembly.go.kr/bill/billDetail.do?billId=PRC_D2Z1W0C3P2O3C1D7Z4X3J4N8X1T8P1,386,4,21,2N793392
5,이영,李永,국민의힘,비례대표,2100000000200,101210,240001,20210429 213819,2109807,근로기준법 일부개정법률안(대안),PRC_D2Z1W0C3P2O3C1D7Z4X3J4N8X1T8P1,근로기준법,환경노동위원회,기권,9771251,9700038,0,http://likms.assembly.go.kr/bill/billDetail.do?billId=PRC_D2Z1W0C3P2O3C1D7Z4X3J4N8X1T8P1,http://likms.assembly.go.kr/bill/billDetail.do?billId=PRC_D2Z1W0C3P2O3C1D7Z4X3J4N8X1T8P1,386,4,21,1X376850
6,이수진,李秀眞,더불어민주당,서울 동작구을,2100000000197,101182,010060,20210429 213819,2109807,근로기준법 일부개정법률안(대안),PRC_D2Z1W0C3P2O3C1D7Z4X3J4N8X1T8P1,근로기준법,환경노동위원회,찬성,9771284,9700038,0,http://likms.assembly.go.kr/bill/billDetail.do?billId=PRC_D2Z1W0C3P2O3C1D7Z4X3J4N8X1T8P1,http://likms.assembly.go.kr/bill/billDetail.do?billId=PRC_D2Z1W0C3P2O3C1D7Z4X3J4N8X1T8P1,386,4,21,D4L60530
7,김민기,金敏基,더불어민주당,경기 용인시을,2100000000031,101182,080069,20210429 213819,2109807,근로기준법 일부개정법률안(대안),PRC_D2Z1W0C3P2O3C1D7Z4X3J4N8X1T8P1,근로기준법,환경노동위원회,찬성,9770723,9700038,0,http://likms.assembly.go.kr/bill/billDetail.do?billId=PRC_D2Z1W0C3P2O3C1D7Z4X3J4N8X1T8P1,http://likms.assembly.go.kr/bill/billDetail.do?billId=PRC_D2Z1W0C3P2O3C1D7Z4X3J4N8X1T8P1,386,4,21,NTT8182Q
8,정운천,鄭雲天,국민의힘,비례대표,2100000000242,101210,240001,20210429 213819,2109807,근로기준법 일부개정법률안(대안),PRC_D2Z1W0C3P2O3C1D7Z4X3J4N8X1T8P1,근로기준법,환경노동위원회,찬성,9771012,9700038,0,http://likms.assembly.go.kr/bill/billDetail.do?billId=PRC_D2Z1W0C3P2O3C1D7Z4X3J4N8X1T8P1,http://likms.assembly.go.kr/bill/billDetail.do?billId=PRC_D2Z1W0C3P2O3C1D7Z4X3J4N8X1T8P1,386,4,21,NZF1659U
9,이채익,李埰益,국민의힘,울산 남구갑,2100000000216,101210,070003,20210429 213819,2109807,근로기준법 일부개정법률안(대안),PRC_D2Z1W0C3P2O3C1D7Z4X3J4N8X1T8P1,근로기준법,환경노동위원회,찬성,9770835,9700038,0,http://likms.assembly.go.kr/bill/billDetail.do?billId=PRC_D2Z1W0C3P2O3C1D7Z4X3J4N8X1T8P1,http://likms.assembly.go.kr/bill/billDetail.do?billId=PRC_D2Z1W0C3P2O3C1D7Z4X3J4N8X1T8P1,386,4,21,WDS6044S
10,소병훈,蘇秉勳,더불어민주당,경기 광주시갑,2100000000127,101182,080180,20210429 213819,2109807,근로기준법 일부개정법률안(대안),PRC_D2Z1W0C3P2O3C1D7Z4X3J4N8X1T8P1,근로기준법,환경노동위원회,찬성,9770999,9700038,0,http://likms.assembly.go.kr/bill/billDetail.do?billId=PRC_D2Z1W0C3P2O3C1D7Z4X3J4N8X1T8P1,http://likms.assembly.go.kr/bill/billDetail.do?billId=PRC_D2Z1W0C3P2O3C1D7Z4X3J4N8X1T8P1,386,4,21,ZDR63255
11,김병욱,金炳旭,더불어민주당,경기 성남시분당구을,2100000000035,101182,080013,20210429 213819,2109807,근로기준법 일부개정법률안(대안),PRC_D2Z1W0C3P2O3C1D7Z4X3J4N8X1T8P1,근로기준법,환경노동위원회,찬성,9770984,9700038,0,http://likms.assembly.go.kr/bill/billDetail.do?billId=PRC_D2Z1W0C3P2O3C1D7Z4X3J4N8X1T8P1,http://likms.assembly.go.kr/bill/billDetail.do?billId=PRC_D2Z1W0C3P2O3C1D7Z4X3J4N8X1T8P1,386,4,21,GFF1986K
12,조정훈,趙廷訓,국민의힘,비례대표,2100000000260,101210,240001,20210429 213819,2109807,근로기준법 일부개정법률안(대안),PRC_D2Z1W0C3P2O3C1D7Z4X3J4N8X1T8P1,근로기준법,환경노동위원회,찬성,9771262,9700038,0,http://likms.assembly.go.kr/bill/billDetail.do?billId=PRC_D2Z1W0C3P2O3C1D7Z4X3J4N8X1T8P1,http://likms.assembly.go.kr/bill/billDetail.do?billId=PRC_D2Z1W0C3P2O3C1D7Z4X3J4N8X1T8P1,386,4,21,WJL30106
13,오영환,吳永煥,더불어민주당,경기 의정부시갑,2100000000154,101182,080015,20210429 213819,2109807,근로기준법 일부개정법률안(대안),PRC_D2Z1W0C3P2O3C1D7Z4X3J4N8X1T8P1,근로기준법,환경노동위원회,찬성,9771172,9700038,0,http://likms.assembly.go.kr/bill/billDetail.do?billId=PRC_D2Z1W0C3P2O3C1D7Z4X3J4N8X1T8P1,http://likms.assembly.go.kr/bill/billDetail.do?billId=PRC_D2Z1W0C3P2O3C1D7Z4X3J4N8X1T8P1,386,4,21,MY318392
14,김원이,金元二,더불어민주당,전남 목포시,2100000000058,101182,140001,20210429 213819,2109807,근로기준법 일부개정법률안(대안),PRC_D2Z1W0C3P2O3C1D7Z4X3J4N8X1T8P1,근로기준법,환경노동위원회,찬성,9771214,9700038,0,http://likms.assembly.go.kr/bill/billDetail.do?billId=PRC_D2Z1W0C3P2O3C1D7Z4X3J4N8X1T8P1,http://likms.assembly.go.kr/bill/billDetail.do?billId=PRC_D2Z1W0C3P2O3C1D7Z4X3J4N8X1T8P1,386,4,21,4L695580
15,장경태,張耿態,더불어민주당,서울 동대문구을,2100000000229,101182,010014,20210429 213819,2109807,근로기준법 일부개정법률안(대안),PRC_D2Z1W0C3P2O3C1D7Z4X3J4N8X1T8P1,근로기준법,환경노동위원회,찬성,9771110,9700038,0,http://likms.assembly.go.kr/bill/billDetail.do?billId=PRC_D2Z1W0C3P2O3C1D7Z4X3J4N8X1T8P1,http://likms.assembly.go.kr/bill/billDetail.do?billId=PRC_D2Z1W0C3P2O3C1D7Z4X3J4N8X1T8P1,386,4,21,RPN2293B
16,정성호,鄭成湖,더불어민주당,경기 양주시,2100000000241,101182,080195,20210429 213819,2109807,근로기준법 일부개정법률안(대안),PRC_D2Z1W0C3P2O3C1D7Z4X3J4N8X1T8P1,근로기준법,환경노동위원회,찬성,9770881,9700038,0,http://likms.assembly.go.kr/bill/billDetail.do?billId=PRC_D2Z1W0C3P2O3C1D7Z4X3J4N8X1T8P1,http://likms.assembly.go.kr/bill/billDetail.do?billId=PRC_D2Z1W0C3P2O3C1D7Z4X3J4N8X1T8P1,386,4,21,V429892C
17,안민석,安敏錫,더불어민주당,경기 오산시,2100000000142,101182,080055,20210429 213819,2109807,근로기준법 일부개정법률안(대안),PRC_D2Z1W0C3P2O3C1D7Z4X3J4N8X1T8P1,근로기준법,환경노동위원회,찬성,9770372,9700038,0,http://likms.assembly.go.kr/bill/billDetail.do?billId=PRC_D2Z1W0C3P2O3C1D7Z4X3J4N8X1T8P1,http://likms.assembly.go.kr/bill/billDetail.do?billId=PRC_D2Z1W0C3P2O3C1D7Z4X3J4N8X1T8P1,386,4,21,ZA54991S
18,김영식,金英植,국민의힘,경북 구미시을,2100000000050,101210,150011,20210429 213819,2109807,근로기준법 일부개정법률안(대안),PRC_D2Z1W0C3P2O3C1D7Z4X3J4N8X1T8P1,근로기준법,환경노동위원회,찬성,9771225,9700038,0,http://likms.assembly.go.kr/bill/billDetail.do?billId=PRC_D2Z1W0C3P2O3C1D7Z4X3J4N8X1T8P1,http://likms.assembly.go.kr/bill/billDetail.do?billId=PRC_D2Z1W0C3P2O3C1D7Z4X3J4N8X1T8P1,386,4,21,IOW1101J
19,박병석,朴炳錫,더불어민주당,대전 서구갑,2100000000093,101182,060005,20210429 213819,2109807,근로기준법 일부개정법률안(대안),PRC_D2Z1W0C3P2O3C1D7Z4X3J4N8X1T8P1,근로기준법,환경노동위원회,찬성,9770090,9700038,0,http://likms.assembly.go.kr/bill/billDetail.do?billId=PRC_D2Z1W0C3P2O3C1D7Z4X3J4N8X1T8P1,http://likms.assembly.go.kr/bill/billDetail.do?billId=PRC_D2Z1W0C3P2O3C1D7Z4X3J4N8X1T8P1,386,4,21,BLC8630L
20,이낙연,李洛淵,더불어민주당,서울 종로구,2100000000186,101182,010001,20210429 213819,2109807,근로기준법 일부개정법률안(대안),PRC_D2Z1W0C3P2O3C1D7Z4X3J4N8X1T8P1,근로기준법,환경노동위원회,찬성,9771106,9700038,0,http://likms.assembly.go.kr/bill/billDetail.do?billId=PRC_D2Z1W0C3P2O3C1D7Z4X3J4N8X1T8P1,http://likms.assembly.go.kr/bill/billDetail.do?billId=PRC_D2Z1W0C3P2O3C1D7Z4X3J4N8X1T8P1,386,4,21,0767470D
21,박성중,朴成重,국민의힘,서울 서초구을,2100000000097,101210,010066,20210429 213819,2109807,근로기준법 일부개정법률안(대안),PRC_D2Z1W0C3P2O3C1D7Z4X3J4N8X1T8P1,근로기준법,환경노동위원회,기권,9770944,9700038,0,http://likms.assembly.go.kr/bill/billDetail.do?billId=PRC_D2Z1W0C3P2O3C1D7Z4X3J4N8X1T8P1,http://likms.assembly.go.kr/bill/billDetail.do?billId=PRC_D2Z1W0C3P2O3C1D7Z4X3J4N8X1T8P1,386,4,21,DAN6731C
22,양금희,梁琴喜,국민의힘,대구 북구갑,2100000000146,101210,030010,20210429 213819,2109807,근로기준법 일부개정법률안(대안),PRC_D2Z1W0C3P2O3C1D7Z4X3J4N8X1T8P1,근로기준법,환경노동위원회,불참,9771143,9700038,0,http://likms.assembly.go.kr/bill/billDetail.do?billId=PRC_D2Z1W0C3P2O3C1D7Z4X3J4N8X1T8P1,http://likms.assembly.go.kr/bill/billDetail.do?billId=PRC_D2Z1W0C3P2O3C1D7Z4X3J4N8X1T8P1,386,4,21,VG24001G
23,조태용,趙太庸,국민의힘,비례대표,2100000000261,101210,240001,20210429 213819,2109807,근로기준법 일부개정법률안(대안),PRC_D2Z1W0C3P2O3C1D7Z4X3J4N8X1T8P1,근로기준법,환경노동위원회,찬성,9771244,9700038,0,http://likms.assembly.go.kr/bill/billDetail.do?billId=PRC_D2Z1W0C3P2O3C1D7Z4X3J4N8X1T8P1,http://likms.assembly.go.kr/bill/billDetail.do?billId=PRC_D2Z1W0C3P2O3C1D7Z4X3J4N8X1T8P1,386,4,21,I434361W
24,이용선,李庸瑄,더불어민주당,서울 양천구을,2100000000203,101182,010043,20210429 213819,2109807,근로기준법 일부개정법률안(대안),PRC_D2Z1W0C3P2O3C1D7Z4X3J4N8X1T8P1,근로기준법,환경노동위원회,찬성,9771115,9700038,0,http://likms.assembly.go.kr/bill/billDetail.do?billId=PRC_D2Z1W0C3P2O3C1D7Z4X3J4N8X1T8P1,http://likms.assembly.go.kr/bill/billDetail.do?billId=PRC_D2Z1W0C3P2O3C1D7Z4X3J4N8X1T8P1,386,4,21,9JF4562W
25,지성호,池成浩,국민의힘,비례대표,2100000000265,101210,240001,20210429 213819,2109807,근로기준법 일부개정법률안(대안),PRC_D2Z1W0C3P2O3C1D7Z4X3J4N8X1T8P1,근로기준법,환경노동위원회,찬성,9771250,9700038,0,http://likms.assembly.go.kr/bill/billDetail.do?billId=PRC_D2Z1W0C3P2O3C1D7Z4X3J4N8X1T8P1,http://likms.assembly.go.kr/bill/billDetail.do?billId=PRC_D2Z1W0C3P2O3C1D7Z4X3J4N8X1T8P1,386,4,21,Y7K5946R
26,정찬민,鄭燦敏,국민의힘,경기 용인시갑,2100000000247,101210,080067,20210429 213819,2109807,근로기준법 일부개정법률안(대안),PRC_D2Z1W0C3P2O3C1D7Z4X3J4N8X1T8P1,근로기준법,환경노동위원회,찬성,9771189,9700038,0,http://likms.assembly.go.kr/bill/billDetail.do?billId=PRC_D2Z1W0C3P2O3C1D7Z4X3J4N8X1T8P1,http://likms.assembly.go.kr/bill/billDetail.do?billId=PRC_D2Z1W0C3P2O3C1D7Z4X3J4N8X1T8P1,386,4,21,SBK1544B
27,주호영,朱豪英,국민의힘,대구 수성구갑,2100000000264,101210,030014,20210429 213819,2109807,근로기준법 일부개정법률안(대안),PRC_D2Z1W0C3P2O3C1D7Z4X3J4N8X1T8P1,근로기준법,환경노동위원회,찬성,9770883,9700038,0,http://likms.assembly.go.kr/bill/billDetail.do?billId=PRC_D2Z1W0C3P2O3C1D7Z4X3J4N8X1T8P1,http://likms.assembly.go.kr/bill/billDetail.do?billId=PRC_D2Z1W0C3P2O3C1D7Z4X3J4N8X1T8P1,386,4,21,8SV6917G
28,윤재옥,尹在玉,국민의힘,대구 달서구을,2100000000175,101210,030019,20210429 213819,2109807,근로기준법 일부개정법률안(대안),PRC_D2Z1W0C3P2O3C1D7Z4X3J4N8X1T8P1,근로기준법,환경노동위원회,찬성,9770812,9700038,0,http://likms.assembly.go.kr/bill/billDetail.do?billId=PRC_D2Z1W0C3P2O3C1D7Z4X3J4N8X1T8P1,http://likms.assembly.go.kr/bill/billDetail.do?billId=PRC_D2Z1W0C3P2O3C1D7Z4X3J4N8X1T8P1,386,4,21,ZRF3039U
29,우상호,禹相虎,더불어민주당,서울 서대문구갑,2100000000157,101182,010036,20210429 213819,2109807,근로기준법 일부개정법률안(대안),PRC_D2Z1W0C3P2O3C1D7Z4X3J4N8X1T8P1,근로기준법,환경노동위원회,찬성,9770871,9700038,0,http://likms.assembly.go.kr/bill/billDetail.do?billId=PRC_D2Z1W0C3P2O3C1D7Z4X3J4N8X1T8P1,http://likms.assembly.go.kr/bill/billDetail.do?billId=PRC_D2Z1W0C3P2O3C1D7Z4X3J4N8X1T8P1,386,4,21,V0O5343U
30,김예지,金睿智,국민의힘,비례대표,2100000000054,101210,240001,20210429 213819,2109807,근로기준법 일부개정법률안(대안),PRC_D2Z1W0C3P2O3C1D7Z4X3J4N8X1T8P1,근로기준법,환경노동위원회,찬성,9771249,9700038,0,http://likms.assembly.go.kr/bill/billDetail.do?billId=PRC_D2Z1W0C3P2O3C1D7Z4X3J4N8X1T8P1,http://likms.assembly.go.kr/bill/billDetail.do?billId=PRC_D2Z1W0C3P2O3C1D7Z4X3J4N8X1T8P1,386,4,21,CNZ51556
31,박덕흠,朴德欽,국민의힘,충북 보은군옥천군영동군괴산군,2100000000091,101210,110037,20210429 213819,2109807,근로기준법 일부개정법률안(대안),PRC_D2Z1W0C3P2O3C1D7Z4X3J4N8X1T8P1,근로기준법,환경노동위원회,불참,9770768,9700038,0,http://likms.assembly.go.kr/bill/billDetail.do?billId=PRC_D2Z1W0C3P2O3C1D7Z4X3J4N8X1T8P1,http://likms.assembly.go.kr/bill/billDetail.do?billId=PRC_D2Z1W0C3P2O3C1D7Z4X3J4N8X1T8P1,386,4,21,N4R2421C
32,윤후덕,尹厚德,더불어민주당,경기 파주시갑,2100000000181,101182,080169,20210429 213819,2109807,근로기준법 일부개정법률안(대안),PRC_D2Z1W0C3P2O3C1D7Z4X3J4N8X1T8P1,근로기준법,환경노동위원회,찬성,9770813,9700038,0,http://likms.assembly.go.kr/bill/billDetail.do?billId=PRC_D2Z1W0C3P2O3C1D7Z4X3J4N8X1T8P1,http://likms.assembly.go.kr/bill/billDetail.do?billId=PRC_D2Z1W0C3P2O3C1D7Z4X3J4N8X1T8P1,386,4,21,O7R5461J
33,강민국,姜旻局,국민의힘,경남 진주시을,2100000000004,101210,160008,20210429 213819,2109807,근로기준법 일부개정법률안(대안),PRC_D2Z1W0C3P2O3C1D7Z4X3J4N8X1T8P1,근로기준법,환경노동위원회,불참,9771233,9700038,0,http://likms.assembly.go.kr/bill/billDetail.do?billId=PRC_D2Z1W0C3P2O3C1D7Z4X3J4N8X1T8P1,http://likms.assembly.go.kr/bill/billDetail.do?billId=PRC_D2Z1W0C3P2O3C1D7Z4X3J4N8X1T8P1,386,4,21,GX22581L
34,김민철,金敏徹,더불어민주당,경기 의정부시을,2100000000033,101182,080016,20210429 213819,2109807,근로기준법 일부개정법률안(대안),PRC_D2Z1W0C3P2O3C1D7Z4X3J4N8X1T8P1,근로기준법,환경노동위원회,찬성,9771173,9700038,0,http://likms.assembly.go.kr/bill/billDetail.do?billId=PRC_D2Z1W0C3P2O3C1D7Z4X3J4N8X1T8P1,http://likms.assembly.go.kr/bill/billDetail.do?billId=PRC_D2Z1W0C3P2O3C1D7Z4X3J4N8X1T8P1,386,4,21,6399076T
35,문진석,文振碩,더불어민주당,충남 천안시갑,2100000000084,101182,120001,20210429 213819,2109807,근로기준법 일부개정법률안(대안),PRC_D2Z1W0C3P2O3C1D7Z4X3J4N8X1T8P1,근로기준법,환경노동위원회,찬성,9771204,9700038,0,http://likms.assembly.go.kr/bill/billDetail.do?billId=PRC_D2Z1W0C3P2O3C1D7Z4X3J4N8X1T8P1,http://likms.assembly.go.kr/bill/billDetail.do?billId=PRC_D2Z1W0C3P2O3C1D7Z4X3J4N8X1T8P1,386,4,21,4U29186R
36,윤상현,尹相現,국민의힘,인천 동구미추홀구을,2100000000170,101210,210023,20210429 213819,2109807,근로기준법 일부개정법률안(대안),PRC_D2Z1W0C3P2O3C1D7Z4X3J4N8X1T8P1,근로기준법,환경노동위원회,불참,9770598,9700038,0,http://likms.assembly.go.kr/bill/billDetail.do?billId=PRC_D2Z1W0C3P2O3C1D7Z4X3J4N8X1T8P1,http://likms.assembly.go.kr/bill/billDetail.do?billId=PRC_D2Z1W0C3P2O3C1D7Z4X3J4N8X1T8P1,386,4,21,MSY7784L
37,김승수,金承洙,국민의힘,대구 북구을,2100000000047,101210,030012,20210429 213819,2109807,근로기준법 일부개정법률안(대안),PRC_D2Z1W0C3P2O3C1D7Z4X3J4N8X1T8P1,근로기준법,환경노동위원회,찬성,9771144,9700038,0,http://likms.assembly.go.kr/bill/billDetail.do?billId=PRC_D2Z1W0C3P2O3C1D7Z4X3J4N8X1T8P1,http://likms.assembly.go.kr/bill/billDetail.do?billId=PRC_D2Z1W0C3P2O3C1D7Z4X3J4N8X1T8P1,386,4,21,5K93695T
38,윤영덕,尹永德,더불어민주당,광주 동구남구갑,2100000000171,101182,050016,20210429 213819,2109807,근로기준법 일부개정법률안(대안),PRC_D2Z1W0C3P2O3C1D7Z4X3J4N8X1T8P1,근로기준법,환경노동위원회,찬성,9771153,9700038,0,http://likms.assembly.go.kr/bill/billDetail.do?billId=PRC_D2Z1W0C3P2O3C1D7Z4X3J4N8X1T8P1,http://likms.assembly.go.kr/bill/billDetail.do?billId=PRC_D2Z1W0C3P2O3C1D7Z4X3J4N8X1T8P1,386,4,21,KFS1358P
39,민형배,閔馨培,더불어민주당,광주 광산구을,2100000000086,101182,050014,20210429 213819,2109807,근로기준법 일부개정법률안(대안),PRC_D2Z1W0C3P2O3C1D7Z4X3J4N8X1T8P1,근로기준법,환경노동위원회,찬성,9771159,9700038,0,http://likms.assembly.go.kr/bill/billDetail.do?billId=PRC_D2Z1W0C3P2O3C1D7Z4X3J4N8X1T8P1,http://likms.assembly.go.kr/bill/billDetail.do?billId=PRC_D2Z1W0C3P2O3C1D7Z4X3J4N8X1T8P1,386,4,21,VRY5522V
40,김상희,金相姬,더불어민주당,경기 부천시병,2100000000039,101182,210028,20210429 213819,2109807,근로기준법 일부개정법률안(대안),PRC_D2Z1W0C3P2O3C1D7Z4X3J4N8X1T8P1,근로기준법,환경노동위원회,불참,9770527,9700038,0,http://likms.assembly.go.kr/bill/billDetail.do?billId=PRC_D2Z1W0C3P2O3C1D7Z4X3J4N8X1T8P1,http://likms.assembly.go.kr/bill/billDetail.do?billId=PRC_D2Z1W0C3P2O3C1D7Z4X3J4N8X1T8P1,386,4,21,UGH6481E
41,김진표,金振杓,무소속,경기 수원시무,2100000000066,101030,080193,20210429 213819,2109807,근로기준법 일부개정법률안(대안),PRC_D2Z1W0C3P2O3C1D7Z4X3J4N8X1T8P1,근로기준법,환경노동위원회,찬성,9770982,9700038,0,http://likms.assembly.go.kr/bill/billDetail.do?billId=PRC_D2Z1W0C3P2O3C1D7Z4X3J4N8X1T8P1,http://likms.assembly.go.kr/bill/billDetail.do?billId=PRC_D2Z1W0C3P2O3C1D7Z4X3J4N8X1T8P1,386,4,21,Q9H5708M
42,장철민,張喆敏,더불어민주당,대전 동구,2100000000231,101182,060001,20210429 213819,2109807,근로기준법 일부개정법률안(대안),PRC_D2Z1W0C3P2O3C1D7Z4X3J4N8X1T8P1,근로기준법,환경노동위원회,찬성,9771160,9700038,0,http://likms.assembly.go.kr/bill/billDetail.do?billId=PRC_D2Z1W0C3P2O3C1D7Z4X3J4N8X1T8P1,http://likms.assembly.go.kr/bill/billDetail.do?billId=PRC_D2Z1W0C3P2O3C1D7Z4X3J4N8X1T8P1,386,4,21,2NV6751W
43,전해철,全海澈,더불어민주당,경기 안산시상록구갑,2100000000237,101182,080037,20210429 213819,2109807,근로기준법 일부개정법률안(대안),PRC_D2Z1W0C3P2O3C1D7Z4X3J4N8X1T8P1,근로기준법,환경노동위원회,불참,9770846,9700038,0,http://likms.assembly.go.kr/bill/billDetail.do?billId=PRC_D2Z1W0C3P2O3C1D7Z4X3J4N8X1T8P1,http://likms.assembly.go.kr/bill/billDetail.do?billId=PRC_D2Z1W0C3P2O3C1D7Z4X3J4N8X1T8P1,386,4,21,BM63269Y
44,서영석,徐暎錫,더불어민주당,경기 부천시정,2100000000121,101182,210030,20210429 213819,2109807,근로기준법 일부개정법률안(대안),PRC_D2Z1W0C3P2O3C1D7Z4X3J4N8X1T8P1,근로기준법,환경노동위원회,찬성,9771176,9700038,0,http://likms.assembly.go.kr/bill/billDetail.do?billId=PRC_D2Z1W0C3P2O3C1D7Z4X3J4N8X1T8P1,http://likms.assembly.go.kr/bill/billDetail.do?billId=PRC_D2Z1W0C3P2O3C1D7Z4X3J4N8X1T8P1,386,4,21,XR24352K
45,문정복,文貞福,더불어민주당,경기 시흥시갑,2100000000083,101182,080057,20210429 213819,2109807,근로기준법 일부개정법률안(대안),PRC_D2Z1W0C3P2O3C1D7Z4X3J4N8X1T8P1,근로기준법,환경노동위원회,찬성,9771187,9700038,0,http://likms.assembly.go.kr/bill/billDetail.do?billId=PRC_D2Z1W0C3P2O3C1D7Z4X3J4N8X1T8P1,http://likms.assembly.go.kr/bill/billDetail.do?billId=PRC_D2Z1W0C3P2O3C1D7Z4X3J4N8X1T8P1,386,4,21,GOC54665
46,정점식,鄭点植,국민의힘,경남 통영시고성군,2100000000244,101210,160012,20210429 213819,2109807,근로기준법 일부개정법률안(대안),PRC_D2Z1W0C3P2O3C1D7Z4X3J4N8X1T8P1,근로기준법,환경노동위원회,찬성,9771103,9700038,0,http://likms.assembly.go.kr/bill/billDetail.do?billId=PRC_D2Z1W0C3P2O3C1D7Z4X3J4N8X1T8P1,http://likms.assembly.go.kr/bill/billDetail.do?billId=PRC_D2Z1W0C3P2O3C1D7Z4X3J4N8X1T8P1,386,4,21,LJK4960Z
47,김두관,金斗官,더불어민주당,경남 양산시을,2100000000029,101182,160128,20210429 213819,2109807,근로기준법 일부개정법률안(대안),PRC_D2Z1W0C3P2O3C1D7Z4X3J4N8X1T8P1,근로기준법,환경노동위원회,불참,9770997,9700038,0,http://likms.assembly.go.kr/bill/billDetail.do?billId=PRC_D2Z1W0C3P2O3C1D7Z4X3J4N8X1T8P1,http://likms.assembly.go.kr/bill/billDetail.do?billId=PRC_D2Z1W0C3P2O3C1D7Z4X3J4N8X1T8P1,386,4,21,CI15627C
48,오영훈,吳怜勳,더불어민주당,제주 제주시을,2100000000155,101182,170012,20210429 213819,2109807,근로기준법 일부개정법률안(대안),PRC_D2Z1W0C3P2O3C1D7Z4X3J4N8X1T8P1,근로기준법,환경노동위원회,불참,9771037,9700038,0,http://likms.assembly.go.kr/bill/billDetail.do?billId=PRC_D2Z1W0C3P2O3C1D7Z4X3J4N8X1T8P1,http://likms.assembly.go.kr/bill/billDetail.do?billId=PRC_D2Z1W0C3P2O3C1D7Z4X3J4N8X1T8P1,386,4,21,21N57758
49,김성주,金成柱,더불어민주당,전북 전주시병,2100000000043,101182,130074,20210429 213819,2109807,근로기준법 일부개정법률안(대안),PRC_D2Z1W0C3P2O3C1D7Z4X3J4N8X1T8P1,근로기준법,환경노동위원회,찬성,9771208,9700038,0,http://likms.assembly.go.kr/bill/billDetail.do?billId=PRC_D2Z1W0C3P2O3C1D7Z4X3J4N8X1T8P1,http://likms.assembly.go.kr/bill/billDetail.do?billId=PRC_D2Z1W0C3P2O3C1D7Z4X3J4N8X1T8P1,386,4,21,2UD1340H
50,주철현,朱哲鉉,더불어민주당,전남 여수시갑,2100000000263,101182,140003,20210429 213819,2109807,근로기준법 일부개정법률안(대안),PRC_D2Z1W0C3P2O3C1D7Z4X3J4N8X1T8P1,근로기준법,환경노동위원회,찬성,9771215,9700038,0,http://likms.assembly.go.kr/bill/billDetail.do?billId=PRC_D2Z1W0C3P2O3C1D7Z4X3J4N8X1T8P1,http://likms.assembly.go.kr/bill/billDetail.do?billId=PRC_D2Z1W0C3P2O3C1D7Z4X3J4N8X1T8P1,386,4,21,T465023H
51,조경태,趙慶泰,국민의힘,부산 사하구을,2100000000253,101210,020022,20210429 213819,2109807,근로기준법 일부개정법률안(대안),PRC_D2Z1W0C3P2O3C1D7Z4X3J4N8X1T8P1,근로기준법,환경노동위원회,기권,9770450,9700038,0,http://likms.assembly.go.kr/bill/billDetail.do?billId=PRC_D2Z1W0C3P2O3C1D7Z4X3J4N8X1T8P1,http://likms.assembly.go.kr/bill/billDetail.do?billId=PRC_D2Z1W0C3P2O3C1D7Z4X3J4N8X1T8P1,386,4,21,5KV82250
52,서범수,徐範洙,국민의힘,울산 울주군,2100000000117,101210,070009,20210429 213819,2109807,근로기준법 일부개정법률안(대안),PRC_D2Z1W0C3P2O3C1D7Z4X3J4N8X1T8P1,근로기준법,환경노동위원회,찬성,9771166,9700038,0,http://likms.assembly.go.kr/bill/billDetail.do?billId=PRC_D2Z1W0C3P2O3C1D7Z4X3J4N8X1T8P1,http://likms.assembly.go.kr/bill/billDetail.do?billId=PRC_D2Z1W0C3P2O3C1D7Z4X3J4N8X1T8P1,386,4,21,L7J93733
53,이명수,李明洙,국민의힘,충남 아산시갑,2100000000190,101210,120078,20210429 213819,2109807,근로기준법 일부개정법률안(대안),PRC_D2Z1W0C3P2O3C1D7Z4X3J4N8X1T8P1,근로기준법,환경노동위원회,찬성,9770602,9700038,0,http://likms.assembly.go.kr/bill/billDetail.do?billId=PRC_D2Z1W0C3P2O3C1D7Z4X3J4N8X1T8P1,http://likms.assembly.go.kr/bill/billDetail.do?billId=PRC_D2Z1W0C3P2O3C1D7Z4X3J4N8X1T8P1,386,4,21,6YT83269
54,이종성,李鍾成,국민의힘,비례대표,2100000000214,101210,240001,20210429 213819,2109807,근로기준법 일부개정법률안(대안),PRC_D2Z1W0C3P2O3C1D7Z4X3J4N8X1T8P1,근로기준법,환경노동위원회,불참,9771242,9700038,0,http://likms.assembly.go.kr/bill/billDetail.do?billId=PRC_D2Z1W0C3P2O3C1D7Z4X3J4N8X1T8P1,http://likms.assembly.go.kr/bill/billDetail.do?billId=PRC_D2Z1W0C3P2O3C1D7Z4X3J4N8X1T8P1,386,4,21,FDC3144T
55,소병철,蘇秉哲,더불어민주당,전남 순천시광양시곡성군구례군갑,2100000000126,101182,210040,20210429 213819,2109807,근로기준법 일부개정법률안(대안),PRC_D2Z1W0C3P2O3C1D7Z4X3J4N8X1T8P1,근로기준법,환경노동위원회,찬성,9771217,9700038,0,http://likms.assembly.go.kr/bill/billDetail.do?billId=PRC_D2Z1W0C3P2O3C1D7Z4X3J4N8X1T8P1,http://likms.assembly.go.kr/bill/billDetail.do?billId=PRC_D2Z1W0C3P2O3C1D7Z4X3J4N8X1T8P1,386,4,21,17M85910
56,김정호,金禎鎬,더불어민주당,경남 김해시을,2100000000062,101182,160017,20210429 213819,2109807,근로기준법 일부개정법률안(대안),PRC_D2Z1W0C3P2O3C1D7Z4X3J4N8X1T8P1,근로기준법,환경노동위원회,찬성,9771090,9700038,0,http://likms.assembly.go.kr/bill/billDetail.do?billId=PRC_D2Z1W0C3P2O3C1D7Z4X3J4N8X1T8P1,http://likms.assembly.go.kr/bill/billDetail.do?billId=PRC_D2Z1W0C3P2O3C1D7Z4X3J4N8X1T8P1,386,4,21,9LD2641Q
57,서삼석,徐參錫,더불어민주당,전남 영암군무안군신안군,2100000000119,101182,140110,20210429 213819,2109807,근로기준법 일부개정법률안(대안),PRC_D2Z1W0C3P2O3C1D7Z4X3J4N8X1T8P1,근로기준법,환경노동위원회,찬성,9771092,9700038,0,http://likms.assembly.go.kr/bill/billDetail.do?billId=PRC_D2Z1W0C3P2O3C1D7Z4X3J4N8X1T8P1,http://likms.assembly.go.kr/bill/billDetail.do?billId=PRC_D2Z1W0C3P2O3C1D7Z4X3J4N8X1T8P1,386,4,21,FOK3459D
58,박찬대,朴贊大,더불어민주당,인천 연수구갑,2100000000107,101182,040028,20210429 213819,2109807,근로기준법 일부개정법률안(대안),PRC_D2Z1W0C3P2O3C1D7Z4X3J4N8X1T8P1,근로기준법,환경노동위원회,찬성,9770963,9700038,0,http://likms.assembly.go.kr/bill/billDetail.do?billId=PRC_D2Z1W0C3P2O3C1D7Z4X3J4N8X1T8P1,http://likms.assembly.go.kr/bill/billDetail.do?billId=PRC_D2Z1W0C3P2O3C1D7Z4X3J4N8X1T8P1,386,4,21,BT62420K
59,전주혜,全珠惠,국민의힘,비례대표,2100000000236,101210,240001,20210429 213819,2109807,근로기준법 일부개정법률안(대안),PRC_D2Z1W0C3P2O3C1D7Z4X3J4N8X1T8P1,근로기준법,환경노동위원회,기권,9771253,9700038,0,http://likms.assembly.go.kr/bill/billDetail.do?billId=PRC_D2Z1W0C3P2O3C1D7Z4X3J4N8X1T8P1,http://likms.assembly.go.kr/bill/billDetail.do?billId=PRC_D2Z1W0C3P2O3C1D7Z4X3J4N8X1T8P1,386,4,21,71J2365L
60,송언석,宋彦錫,국민의힘,경북 김천시,2100000000131,101210,150006,20210429 213819,2109807,근로기준법 일부개정법률안(대안),PRC_D2Z1W0C3P2O3C1D7Z4X3J4N8X1T8P1,근로기준법,환경노동위원회,불참,9771094,9700038,0,http://likms.assembly.go.kr/bill/billDetail.do?billId=PRC_D2Z1W0C3P2O3C1D7Z4X3J4N8X1T8P1,http://likms.assembly.go.kr/bill/billDetail.do?billId=PRC_D2Z1W0C3P2O3C1D7Z4X3J4N8X1T8P1,386,4,21,6EN68926
61,김경만,金京萬,더불어민주당,비례대표,2100000000023,101182,240001,20210429 213819,2109807,근로기준법 일부개정법률안(대안),PRC_D2Z1W0C3P2O3C1D7Z4X3J4N8X1T8P1,근로기준법,환경노동위원회,찬성,9771258,9700038,0,http://likms.assembly.go.kr/bill/billDetail.do?billId=PRC_D2Z1W0C3P2O3C1D7Z4X3J4N8X1T8P1,http://likms.assembly.go.kr/bill/billDetail.do?billId=PRC_D2Z1W0C3P2O3C1D7Z4X3J4N8X1T8P1,386,4,21,1BX7234U
62,김남국,金南局,무소속,경기 안산시단원구을,2100000000027,101030,080040,20210429 213819,2109807,근로기준법 일부개정법률안(대안),PRC_D2Z1W0C3P2O3C1D7Z4X3J4N8X1T8P1,근로기준법,환경노동위원회,찬성,9771181,9700038,0,http://likms.assembly.go.kr/bill/billDetail.do?billId=PRC_D2Z1W0C3P2O3C1D7Z4X3J4N8X1T8P1,http://likms.assembly.go.kr/bill/billDetail.do?billId=PRC_D2Z1W0C3P2O3C1D7Z4X3J4N8X1T8P1,386,4,21,QHL3248U
63,김선교,金善敎,국민의힘,경기 여주시양평군,2100000000041,101210,080194,20210429 213819,2109807,근로기준법 일부개정법률안(대안),PRC_D2Z1W0C3P2O3C1D7Z4X3J4N8X1T8P1,근로기준법,환경노동위원회,불참,9771195,9700038,0,http://likms.assembly.go.kr/bill/billDetail.do?billId=PRC_D2Z1W0C3P2O3C1D7Z4X3J4N8X1T8P1,http://likms.assembly.go.kr/bill/billDetail.do?billId=PRC_D2Z1W0C3P2O3C1D7Z4X3J4N8X1T8P1,386,4,21,JNL7001A
64,김수흥,金洙興,더불어민주당,전북 익산시갑,2100000000045,101182,130007,20210429 213818,2109807,근로기준법 일부개정법률안(대안),PRC_D2Z1W0C3P2O3C1D7Z4X3J4N8X1T8P1,근로기준법,환경노동위원회,찬성,9771210,9700038,0,http://likms.assembly.go.kr/bill/billDetail.do?billId=PRC_D2Z1W0C3P2O3C1D7Z4X3J4N8X1T8P1,http://likms.assembly.go.kr/bill/billDetail.do?billId=PRC_D2Z1W0C3P2O3C1D7Z4X3J4N8X1T8P1,386,4,21,L7T64271
65,배현진,裵賢鎭,국민의힘,서울 송파구을,2100000000112,101210,010074,20210429 213818,2109807,근로기준법 일부개정법률안(대안),PRC_D2Z1W0C3P2O3C1D7Z4X3J4N8X1T8P1,근로기준법,환경노동위원회,찬성,9771128,9700038,0,http://likms.assembly.go.kr/bill/billDetail.do?billId=PRC_D2Z1W0C3P2O3C1D7Z4X3J4N8X1T8P1,http://likms.assembly.go.kr/bill/billDetail.do?billId=PRC_D2Z1W0C3P2O3C1D7Z4X3J4N8X1T8P1,386,4,21,4X525582
66,이용우,李龍雨,더불어민주당,경기 고양시정,2100000000204,101182,080190,20210429 213818,2109807,근로기준법 일부개정법률안(대안),PRC_D2Z1W0C3P2O3C1D7Z4X3J4N8X1T8P1,근로기준법,환경노동위원회,찬성,9771184,9700038,0,http://likms.assembly.go.kr/bill/billDetail.do?billId=PRC_D2Z1W0C3P2O3C1D7Z4X3J4N8X1T8P1,http://likms.assembly.go.kr/bill/billDetail.do?billId=PRC_D2Z1W0C3P2O3C1D7Z4X3J4N8X1T8P1,386,4,21,G7512472
67,권인숙,權仁淑,더불어민주당,비례대표,2100000000020,101182,240001,20210429 213818,2109807,근로기준법 일부개정법률안(대안),PRC_D2Z1W0C3P2O3C1D7Z4X3J4N8X1T8P1,근로기준법,환경노동위원회,찬성,9771259,9700038,0,http://likms.assembly.go.kr/bill/billDetail.do?billId=PRC_D2Z1W0C3P2O3C1D7Z4X3J4N8X1T8P1,http://likms.assembly.go.kr/bill/billDetail.do?billId=PRC_D2Z1W0C3P2O3C1D7Z4X3J4N8X1T8P1,386,4,21,3TO11703
68,이해식,李海植,더불어민주당,서울 강동구을,2100000000221,101182,010077,20210429 213818,2109807,근로기준법 일부개정법률안(대안),PRC_D2Z1W0C3P2O3C1D7Z4X3J4N8X1T8P1,근로기준법,환경노동위원회,찬성,9771129,9700038,0,http://likms.assembly.go.kr/bill/billDetail.do?billId=PRC_D2Z1W0C3P2O3C1D7Z4X3J4N8X1T8P1,http://likms.assembly.go.kr/bill/billDetail.do?billId=PRC_D2Z1W0C3P2O3C1D7Z4X3J4N8X1T8P1,386,4,21,CCU1009B
69,유상범,劉相凡,국민의힘,강원 홍천군횡성군영월군평창군,2100000000163,101210,210035,20210429 213818,2109807,근로기준법 일부개정법률안(대안),PRC_D2Z1W0C3P2O3C1D7Z4X3J4N8X1T8P1,근로기준법,환경노동위원회,기권,9771199,9700038,0,http://likms.assembly.go.kr/bill/billDetail.do?billId=PRC_D2Z1W0C3P2O3C1D7Z4X3J4N8X1T8P1,http://likms.assembly.go.kr/bill/billDetail.do?billId=PRC_D2Z1W0C3P2O3C1D7Z4X3J4N8X1T8P1,386,4,21,MU69217P
70,허은아,許垠娥,국민의힘,비례대표,2100000000288,101210,240001,20210429 213818,2109807,근로기준법 일부개정법률안(대안),PRC_D2Z1W0C3P2O3C1D7Z4X3J4N8X1T8P1,근로기준법,환경노동위원회,찬성,9771256,9700038,0,http://likms.assembly.go.kr/bill/billDetail.do?billId=PRC_D2Z1W0C3P2O3C1D7Z4X3J4N8X1T8P1,http://likms.assembly.go.kr/bill/billDetail.do?billId=PRC_D2Z1W0C3P2O3C1D7Z4X3J4N8X1T8P1,386,4,21,66W6739S
71,송재호,宋在祜,더불어민주당,제주 제주시갑,2100000000134,101182,170011,20210429 213818,2109807,근로기준법 일부개정법률안(대안),PRC_D2Z1W0C3P2O3C1D7Z4X3J4N8X1T8P1,근로기준법,환경노동위원회,불참,9771238,9700038,0,http://likms.assembly.go.kr/bill/billDetail.do?billId=PRC_D2Z1W0C3P2O3C1D7Z4X3J4N8X1T8P1,http://likms.assembly.go.kr/bill/billDetail.do?billId=PRC_D2Z1W0C3P2O3C1D7Z4X3J4N8X1T8P1,386,4,21,LM13674V
72,최혜영,崔惠英,더불어민주당,비례대표,2100000000277,101182,240001,20210429 213818,2109807,근로기준법 일부개정법률안(대안),PRC_D2Z1W0C3P2O3C1D7Z4X3J4N8X1T8P1,근로기준법,환경노동위원회,불참,9771267,9700038,0,http://likms.assembly.go.kr/bill/billDetail.do?billId=PRC_D2Z1W0C3P2O3C1D7Z4X3J4N8X1T8P1,http://likms.assembly.go.kr/bill/billDetail.do?billId=PRC_D2Z1W0C3P2O3C1D7Z4X3J4N8X1T8P1,386,4,21,QD25323M
73,정동만,鄭東萬,국민의힘,부산 기장군,2100000000240,101210,020053,20210429 213818,2109807,근로기준법 일부개정법률안(대안),PRC_D2Z1W0C3P2O3C1D7Z4X3J4N8X1T8P1,근로기준법,환경노동위원회,찬성,9771140,9700038,0,http://likms.assembly.go.kr/bill/billDetail.do?billId=PRC_D2Z1W0C3P2O3C1D7Z4X3J4N8X1T8P1,http://likms.assembly.go.kr/bill/billDetail.do?billId=PRC_D2Z1W0C3P2O3C1D7Z4X3J4N8X1T8P1,386,4,21,DAY6557K
74,윤건영,尹建永,더불어민주당,서울 구로구을,2100000000166,101182,010051,20210429 213818,2109807,근로기준법 일부개정법률안(대안),PRC_D2Z1W0C3P2O3C1D7Z4X3J4N8X1T8P1,근로기준법,환경노동위원회,찬성,9771118,9700038,0,http://likms.assembly.go.kr/bill/billDetail.do?billId=PRC_D2Z1W0C3P2O3C1D7Z4X3J4N8X1T8P1,http://likms.assembly.go.kr/bill/billDetail.do?billId=PRC_D2Z1W0C3P2O3C1D7Z4X3J4N8X1T8P1,386,4,21,GP07421U
75,하영제,河榮帝,무소속,경남 사천시남해군하동군,2100000000280,101030,160119,20210429 213818,2109807,근로기준법 일부개정법률안(대안),PRC_D2Z1W0C3P2O3C1D7Z4X3J4N8X1T8P1,근로기준법,환경노동위원회,찬성,9771234,9700038,0,http://likms.assembly.go.kr/bill/billDetail.do?billId=PRC_D2Z1W0C3P2O3C1D7Z4X3J4N8X1T8P1,http://likms.assembly.go.kr/bill/billDetail.do?billId=PRC_D2Z1W0C3P2O3C1D7Z4X3J4N8X1T8P1,386,4,21,FGI27280
76,정경희,丁慶姬,국민의힘,비례대표,2100000000239,101210,240001,20210429 213818,2109807,근로기준법 일부개정법률안(대안),PRC_D2Z1W0C3P2O3C1D7Z4X3J4N8X1T8P1,근로기준법,환경노동위원회,기권,9771245,9700038,0,http://likms.assembly.go.kr/bill/billDetail.do?billId=PRC_D2Z1W0C3P2O3C1D7Z4X3J4N8X1T8P1,http://likms.assembly.go.kr/bill/billDetail.do?billId=PRC_D2Z1W0C3P2O3C1D7Z4X3J4N8X1T8P1,386,4,21,USR7059P
77,고영인,高永寅,더불어민주당,경기 안산시단원구갑,2100000000012,101182,080039,20210429 213818,2109807,근로기준법 일부개정법률안(대안),PRC_D2Z1W0C3P2O3C1D7Z4X3J4N8X1T8P1,근로기준법,환경노동위원회,찬성,9771180,9700038,0,http://likms.assembly.go.kr/bill/billDetail.do?billId=PRC_D2Z1W0C3P2O3C1D7Z4X3J4N8X1T8P1,http://likms.assembly.go.kr/bill/billDetail.do?billId=PRC_D2Z1W0C3P2O3C1D7Z4X3J4N8X1T8P1,386,4,21,4XG1439M
78,강민정,姜旼姃,더불어민주당,비례대표,2100000000005,101182,240001,20210429 213818,2109807,근로기준법 일부개정법률안(대안),PRC_D2Z1W0C3P2O3C1D7Z4X3J4N8X1T8P1,근로기준법,환경노동위원회,찬성,9771283,9700038,0,http://likms.assembly.go.kr/bill/billDetail.do?billId=PRC_D2Z1W0C3P2O3C1D7Z4X3J4N8X1T8P1,http://likms.assembly.go.kr/bill/billDetail.do?billId=PRC_D2Z1W0C3P2O3C1D7Z4X3J4N8X1T8P1,386,4,21,P2N50879
79,최형두,崔炯斗,국민의힘,경남 창원시마산합포구,2100000000276,101210,160123,20210429 213818,2109807,근로기준법 일부개정법률안(대안),PRC_D2Z1W0C3P2O3C1D7Z4X3J4N8X1T8P1,근로기준법,환경노동위원회,기권,9771231,9700038,0,http://likms.assembly.go.kr/bill/billDetail.do?billId=PRC_D2Z1W0C3P2O3C1D7Z4X3J4N8X1T8P1,http://likms.assembly.go.kr/bill/billDetail.do?billId=PRC_D2Z1W0C3P2O3C1D7Z4X3J4N8X1T8P1,386,4,21,A0P4646G
80,배진교,裵晋敎,정의당,비례대표,2100000000111,101180,240001,20210429 213818,2109807,근로기준법 일부개정법률안(대안),PRC_D2Z1W0C3P2O3C1D7Z4X3J4N8X1T8P1,근로기준법,환경노동위원회,찬성,9771277,9700038,0,http://likms.assembly.go.kr/bill/billDetail.do?billId=PRC_D2Z1W0C3P2O3C1D7Z4X3J4N8X1T8P1,http://likms.assembly.go.kr/bill/billDetail.do?billId=PRC_D2Z1W0C3P2O3C1D7Z4X3J4N8X1T8P1,386,4,21,A2V51235
81,이장섭,李將燮,더불어민주당,충북 청주시서원구,2100000000210,101182,110039,20210429 213818,2109807,근로기준법 일부개정법률안(대안),PRC_D2Z1W0C3P2O3C1D7Z4X3J4N8X1T8P1,근로기준법,환경노동위원회,찬성,9771201,9700038,0,http://likms.assembly.go.kr/bill/billDetail.do?billId=PRC_D2Z1W0C3P2O3C1D7Z4X3J4N8X1T8P1,http://likms.assembly.go.kr/bill/billDetail.do?billId=PRC_D2Z1W0C3P2O3C1D7Z4X3J4N8X1T8P1,386,4,21,7I09543O
82,최춘식,崔春植,국민의힘,경기 포천시가평군,2100000000275,101210,080189,20210429 213818,2109807,근로기준법 일부개정법률안(대안),PRC_D2Z1W0C3P2O3C1D7Z4X3J4N8X1T8P1,근로기준법,환경노동위원회,불참,9771194,9700038,0,http://likms.assembly.go.kr/bill/billDetail.do?billId=PRC_D2Z1W0C3P2O3C1D7Z4X3J4N8X1T8P1,http://likms.assembly.go.kr/bill/billDetail.do?billId=PRC_D2Z1W0C3P2O3C1D7Z4X3J4N8X1T8P1,386,4,21,3DK8989T
83,구자근,具滋根,국민의힘,경북 구미시갑,2100000000015,101210,150010,20210429 213818,2109807,근로기준법 일부개정법률안(대안),PRC_D2Z1W0C3P2O3C1D7Z4X3J4N8X1T8P1,근로기준법,환경노동위원회,찬성,9771224,9700038,0,http://likms.assembly.go.kr/bill/billDetail.do?billId=PRC_D2Z1W0C3P2O3C1D7Z4X3J4N8X1T8P1,http://likms.assembly.go.kr/bill/billDetail.do?billId=PRC_D2Z1W0C3P2O3C1D7Z4X3J4N8X1T8P1,386,4,21,7469929V
84,김회재,金會在,더불어민주당,전남 여수시을,2100000000074,101182,140004,20210429 213818,2109807,근로기준법 일부개정법률안(대안),PRC_D2Z1W0C3P2O3C1D7Z4X3J4N8X1T8P1,근로기준법,환경노동위원회,찬성,9771216,9700038,0,http://likms.assembly.go.kr/bill/billDetail.do?billId=PRC_D2Z1W0C3P2O3C1D7Z4X3J4N8X1T8P1,http://likms.assembly.go.kr/bill/billDetail.do?billId=PRC_D2Z1W0C3P2O3C1D7Z4X3J4N8X1T8P1,386,4,21,M6H1705E
85,김용민,金容民,더불어민주당,경기 남양주시병,2100000000055,101182,080188,20210429 213818,2109807,근로기준법 일부개정법률안(대안),PRC_D2Z1W0C3P2O3C1D7Z4X3J4N8X1T8P1,근로기준법,환경노동위원회,찬성,9771186,9700038,0,http://likms.assembly.go.kr/bill/billDetail.do?billId=PRC_D2Z1W0C3P2O3C1D7Z4X3J4N8X1T8P1,http://likms.assembly.go.kr/bill/billDetail.do?billId=PRC_D2Z1W0C3P2O3C1D7Z4X3J4N8X1T8P1,386,4,21,OFE45081
86,김한정,金漢正,더불어민주당,경기 남양주시을,2100000000071,101182,080054,20210429 213818,2109807,근로기준법 일부개정법률안(대안),PRC_D2Z1W0C3P2O3C1D7Z4X3J4N8X1T8P1,근로기준법,환경노동위원회,찬성,9770991,9700038,0,http://likms.assembly.go.kr/bill/billDetail.do?billId=PRC_D2Z1W0C3P2O3C1D7Z4X3J4N8X1T8P1,http://likms.assembly.go.kr/bill/billDetail.do?billId=PRC_D2Z1W0C3P2O3C1D7Z4X3J4N8X1T8P1,386,4,21,09I2323E
87,박완주,朴完柱,무소속,충남 천안시을,2100000000101,101030,120003,20210429 213818,2109807,근로기준법 일부개정법률안(대안),PRC_D2Z1W0C3P2O3C1D7Z4X3J4N8X1T8P1,근로기준법,환경노동위원회,찬성,9770774,9700038,0,http://likms.assembly.go.kr/bill/billDetail.do?billId=PRC_D2Z1W0C3P2O3C1D7Z4X3J4N8X1T8P1,http://likms.assembly.go.kr/bill/billDetail.do?billId=PRC_D2Z1W0C3P2O3C1D7Z4X3J4N8X1T8P1,386,4,21,A3H7195R
88,이상민,李相珉,국민의힘,대전 유성구을,2100000000192,101210,060015,20210429 213818,2109807,근로기준법 일부개정법률안(대안),PRC_D2Z1W0C3P2O3C1D7Z4X3J4N8X1T8P1,근로기준법,환경노동위원회,찬성,9770414,9700038,0,http://likms.assembly.go.kr/bill/billDetail.do?billId=PRC_D2Z1W0C3P2O3C1D7Z4X3J4N8X1T8P1,http://likms.assembly.go.kr/bill/billDetail.do?billId=PRC_D2Z1W0C3P2O3C1D7Z4X3J4N8X1T8P1,386,4,21,ZYH1940A
89,황희,黃熙,더불어민주당,서울 양천구갑,2100000000300,101182,010042,20210429 213818,2109807,근로기준법 일부개정법률안(대안),PRC_D2Z1W0C3P2O3C1D7Z4X3J4N8X1T8P1,근로기준법,환경노동위원회,불참,9770936,9700038,0,http://likms.assembly.go.kr/bill/billDetail.do?billId=PRC_D2Z1W0C3P2O3C1D7Z4X3J4N8X1T8P1,http://likms.assembly.go.kr/bill/billDetail.do?billId=PRC_D2Z1W0C3P2O3C1D7Z4X3J4N8X1T8P1,386,4,21,0VU8517U
90,윤호중,尹昊重,더불어민주당,경기 구리시,2100000000180,101182,080051,20210429 213818,2109807,근로기준법 일부개정법률안(대안),PRC_D2Z1W0C3P2O3C1D7Z4X3J4N8X1T8P1,근로기준법,환경노동위원회,찬성,9770876,9700038,0,http://likms.assembly.go.kr/bill/billDetail.do?billId=PRC_D2Z1W0C3P2O3C1D7Z4X3J4N8X1T8P1,http://likms.assembly.go.kr/bill/billDetail.do?billId=PRC_D2Z1W0C3P2O3C1D7Z4X3J4N8X1T8P1,386,4,21,M0A1658U
91,이종배,李鍾培,국민의힘,충북 충주시,2100000000213,101210,110005,20210429 213818,2109807,근로기준법 일부개정법률안(대안),PRC_D2Z1W0C3P2O3C1D7Z4X3J4N8X1T8P1,근로기준법,환경노동위원회,찬성,9770914,9700038,0,http://likms.assembly.go.kr/bill/billDetail.do?billId=PRC_D2Z1W0C3P2O3C1D7Z4X3J4N8X1T8P1,http://likms.assembly.go.kr/bill/billDetail.do?billId=PRC_D2Z1W0C3P2O3C1D7Z4X3J4N8X1T8P1,386,4,21,HSW1214Q
92,김미애,金美愛,국민의힘,부산 해운대구을,2100000000030,101210,020056,20210429 213818,2109807,근로기준법 일부개정법률안(대안),PRC_D2Z1W0C3P2O3C1D7Z4X3J4N8X1T8P1,근로기준법,환경노동위원회,불참,9771136,9700038,0,http://likms.assembly.go.kr/bill/billDetail.do?billId=PRC_D2Z1W0C3P2O3C1D7Z4X3J4N8X1T8P1,http://likms.assembly.go.kr/bill/billDetail.do?billId=PRC_D2Z1W0C3P2O3C1D7Z4X3J4N8X1T8P1,386,4,21,3BC6890E
93,홍영표,洪永杓,더불어민주당,인천 부평구을,2100000000294,101182,040014,20210429 213818,2109807,근로기준법 일부개정법률안(대안),PRC_D2Z1W0C3P2O3C1D7Z4X3J4N8X1T8P1,근로기준법,환경노동위원회,찬성,9770676,9700038,0,http://likms.assembly.go.kr/bill/billDetail.do?billId=PRC_D2Z1W0C3P2O3C1D7Z4X3J4N8X1T8P1,http://likms.assembly.go.kr/bill/billDetail.do?billId=PRC_D2Z1W0C3P2O3C1D7Z4X3J4N8X1T8P1,386,4,21,KR14136C
94,신원식,申源湜,국민의힘,비례대표,2100000000137,101210,240001,20210429 213818,2109807,근로기준법 일부개정법률안(대안),PRC_D2Z1W0C3P2O3C1D7Z4X3J4N8X1T8P1,근로기준법,환경노동위원회,찬성,9771246,9700038,0,http://likms.assembly.go.kr/bill/billDetail.do?billId=PRC_D2Z1W0C3P2O3C1D7Z4X3J4N8X1T8P1,http://likms.assembly.go.kr/bill/billDetail.do?billId=PRC_D2Z1W0C3P2O3C1D7Z4X3J4N8X1T8P1,386,4,21,SRP7336N
95,김영진,金榮鎭,더불어민주당,경기 수원시병,2100000000052,101182,080172,20210429 213818,2109807,근로기준법 일부개정법률안(대안),PRC_D2Z1W0C3P2O3C1D7Z4X3J4N8X1T8P1,근로기준법,환경노동위원회,찬성,9770981,9700038,0,http://likms.assembly.go.kr/bill/billDetail.do?billId=PRC_D2Z1W0C3P2O3C1D7Z4X3J4N8X1T8P1,http://likms.assembly.go.kr/bill/billDetail.do?billId=PRC_D2Z1W0C3P2O3C1D7Z4X3J4N8X1T8P1,386,4,21,5765663F
96,김경협,金炅俠,더불어민주당,경기 부천시갑,2100000000024,101182,210027,20210429 213818,2109807,근로기준법 일부개정법률안(대안),PRC_D2Z1W0C3P2O3C1D7Z4X3J4N8X1T8P1,근로기준법,환경노동위원회,찬성,9770712,9700038,0,http://likms.assembly.go.kr/bill/billDetail.do?billId=PRC_D2Z1W0C3P2O3C1D7Z4X3J4N8X1T8P1,http://likms.assembly.go.kr/bill/billDetail.do?billId=PRC_D2Z1W0C3P2O3C1D7Z4X3J4N8X1T8P1,386,4,21,ZKU88693
97,강준현,康準鉉,더불어민주당,세종특별자치시을,2100000000009,101182,210026,20210429 213818,2109807,근로기준법 일부개정법률안(대안),PRC_D2Z1W0C3P2O3C1D7Z4X3J4N8X1T8P1,근로기준법,환경노동위원회,찬성,9771168,9700038,0,http://likms.assembly.go.kr/bill/billDetail.do?billId=PRC_D2Z1W0C3P2O3C1D7Z4X3J4N8X1T8P1,http://likms.assembly.go.kr/bill/billDetail.do?billId=PRC_D2Z1W0C3P2O3C1D7Z4X3J4N8X1T8P1,386,4,21,5KV96424
98,윤미향,尹美香,무소속,비례대표,2100000000169,101030,240001,20210429 213818,2109807,근로기준법 일부개정법률안(대안),PRC_D2Z1W0C3P2O3C1D7Z4X3J4N8X1T8P1,근로기준법,환경노동위원회,찬성,9771263,9700038,0,http://likms.assembly.go.kr/bill/billDetail.do?billId=PRC_D2Z1W0C3P2O3C1D7Z4X3J4N8X1T8P1,http://likms.assembly.go.kr/bill/billDetail.do?billId=PRC_D2Z1W0C3P2O3C1D7Z4X3J4N8X1T8P1,386,4,21,KNM3215T
99,최승재,崔承宰,국민의힘,비례대표,2100000000271,101210,240001,20210429 213818,2109807,근로기준법 일부개정법률안(대안),PRC_D2Z1W0C3P2O3C1D7Z4X3J4N8X1T8P1,근로기준법,환경노동위원회,불참,9771252,9700038,0,http://likms.assembly.go.kr/bill/billDetail.do?billId=PRC_D2Z1W0C3P2O3C1D7Z4X3J4N8X1T8P1,http://likms.assembly.go.kr/bill/billDetail.do?billId=PRC_D2Z1W0C3P2O3C1D7Z4X3J4N8X1T8P1,386,4,21,M7T9712V
100,강병원,姜炳遠,더불어민주당,서울 은평구을,2100000000006,101182,010033,20210429 213818,2109807,근로기준법 일부개정법률안(대안),PRC_D2Z1W0C3P2O3C1D7Z4X3J4N8X1T8P1,근로기준법,환경노동위원회,찬성,9770933,9700038,0,http://likms.assembly.go.kr/bill/billDetail.do?billId=PRC_D2Z1W0C3P2O3C1D7Z4X3J4N8X1T8P1,http://likms.assembly.go.kr/bill/billDetail.do?billId=PRC_D2Z1W0C3P2O3C1D7Z4X3J4N8X1T8P1,386,4,21,60490713
101,인재근,印在謹,더불어민주당,서울 도봉구갑,2100000000224,101182,010025,20210429 213818,2109807,근로기준법 일부개정법률안(대안),PRC_D2Z1W0C3P2O3C1D7Z4X3J4N8X1T8P1,근로기준법,환경노동위원회,찬성,9770839,9700038,0,http://likms.assembly.go.kr/bill/billDetail.do?billId=PRC_D2Z1W0C3P2O3C1D7Z4X3J4N8X1T8P1,http://likms.assembly.go.kr/bill/billDetail.do?billId=PRC_D2Z1W0C3P2O3C1D7Z4X3J4N8X1T8P1,386,4,21,UM51067K
102,이병훈,李炳勳,더불어민주당,광주 동구남구을,2100000000191,101182,050015,20210429 213818,2109807,근로기준법 일부개정법률안(대안),PRC_D2Z1W0C3P2O3C1D7Z4X3J4N8X1T8P1,근로기준법,환경노동위원회,찬성,9771154,9700038,0,http://likms.assembly.go.kr/bill/billDetail.do?billId=PRC_D2Z1W0C3P2O3C1D7Z4X3J4N8X1T8P1,http://likms.assembly.go.kr/bill/billDetail.do?billId=PRC_D2Z1W0C3P2O3C1D7Z4X3J4N8X1T8P1,386,4,21,HKJ99607
103,김태년,金太年,더불어민주당,경기 성남시수정구,2100000000068,101182,080007,20210429 213818,2109807,근로기준법 일부개정법률안(대안),PRC_D2Z1W0C3P2O3C1D7Z4X3J4N8X1T8P1,근로기준법,환경노동위원회,불참,9770741,9700038,0,http://likms.assembly.go.kr/bill/billDetail.do?billId=PRC_D2Z1W0C3P2O3C1D7Z4X3J4N8X1T8P1,http://likms.assembly.go.kr/bill/billDetail.do?billId=PRC_D2Z1W0C3P2O3C1D7Z4X3J4N8X1T8P1,386,4,21,1WE5693J
104,박성민,朴聖敏,국민의힘,울산 중구,2100000000095,101210,070001,20210429 213818,2109807,근로기준법 일부개정법률안(대안),PRC_D2Z1W0C3P2O3C1D7Z4X3J4N8X1T8P1,근로기준법,환경노동위원회,불참,9771163,9700038,0,http://likms.assembly.go.kr/bill/billDetail.do?billId=PRC_D2Z1W0C3P2O3C1D7Z4X3J4N8X1T8P1,http://likms.assembly.go.kr/bill/billDetail.do?billId=PRC_D2Z1W0C3P2O3C1D7Z4X3J4N8X1T8P1,386,4,21,X3170462
105,어기구,魚基龜,더불어민주당,충남 당진시,2100000000151,101182,120073,20210429 213818,2109807,근로기준법 일부개정법률안(대안),PRC_D2Z1W0C3P2O3C1D7Z4X3J4N8X1T8P1,근로기준법,환경노동위원회,찬성,9771010,9700038,0,http://likms.assembly.go.kr/bill/billDetail.do?billId=PRC_D2Z1W0C3P2O3C1D7Z4X3J4N8X1T8P1,http://likms.assembly.go.kr/bill/billDetail.do?billId=PRC_D2Z1W0C3P2O3C1D7Z4X3J4N8X1T8P1,386,4,21,8FB1535Y
106,임오경,林五卿,더불어민주당,경기 광명시갑,2100000000225,101182,080029,20210429 213818,2109807,근로기준법 일부개정법률안(대안),PRC_D2Z1W0C3P2O3C1D7Z4X3J4N8X1T8P1,근로기준법,환경노동위원회,찬성,9771177,9700038,0,http://likms.assembly.go.kr/bill/billDetail.do?billId=PRC_D2Z1W0C3P2O3C1D7Z4X3J4N8X1T8P1,http://likms.assembly.go.kr/bill/billDetail.do?billId=PRC_D2Z1W0C3P2O3C1D7Z4X3J4N8X1T8P1,386,4,21,4T026790
107,임이자,林利子,국민의힘,경북 상주시문경시 ,2100000000226,101210,210037,20210429 213818,2109807,근로기준법 일부개정법률안(대안),PRC_D2Z1W0C3P2O3C1D7Z4X3J4N8X1T8P1,근로기준법,환경노동위원회,찬성,9771041,9700038,0,http://likms.assembly.go.kr/bill/billDetail.do?billId=PRC_D2Z1W0C3P2O3C1D7Z4X3J4N8X1T8P1,http://likms.assembly.go.kr/bill/billDetail.do?billId=PRC_D2Z1W0C3P2O3C1D7Z4X3J4N8X1T8P1,386,4,21,EH27538E
108,서정숙,徐正淑,국민의힘,비례대표,2100000000123,101210,240001,20210429 213818,2109807,근로기준법 일부개정법률안(대안),PRC_D2Z1W0C3P2O3C1D7Z4X3J4N8X1T8P1,근로기준법,환경노동위원회,불참,9771254,9700038,0,http://likms.assembly.go.kr/bill/billDetail.do?billId=PRC_D2Z1W0C3P2O3C1D7Z4X3J4N8X1T8P1,http://likms.assembly.go.kr/bill/billDetail.do?billId=PRC_D2Z1W0C3P2O3C1D7Z4X3J4N8X1T8P1,386,4,21,WFU14784
109,심상정,沈相정,정의당,경기 고양시갑,2100000000140,101180,080191,20210429 213818,2109807,근로기준법 일부개정법률안(대안),PRC_D2Z1W0C3P2O3C1D7Z4X3J4N8X1T8P1,근로기준법,환경노동위원회,찬성,9770869,9700038,0,http://likms.assembly.go.kr/bill/billDetail.do?billId=PRC_D2Z1W0C3P2O3C1D7Z4X3J4N8X1T8P1,http://likms.assembly.go.kr/bill/billDetail.do?billId=PRC_D2Z1W0C3P2O3C1D7Z4X3J4N8X1T8P1,386,4,21,SU53086M
110,유정주,兪訂炷,더불어민주당,비례대표,2100000000165,101182,240001,20210429 213818,2109807,근로기준법 일부개정법률안(대안),PRC_D2Z1W0C3P2O3C1D7Z4X3J4N8X1T8P1,근로기준법,환경노동위원회,찬성,9771266,9700038,0,http://likms.assembly.go.kr/bill/billDetail.do?billId=PRC_D2Z1W0C3P2O3C1D7Z4X3J4N8X1T8P1,http://likms.assembly.go.kr/bill/billDetail.do?billId=PRC_D2Z1W0C3P2O3C1D7Z4X3J4N8X1T8P1,386,4,21,0WL9321T
111,양정숙,梁貞淑,무소속,비례대표,2100000000149,101030,240001,20210429 213818,2109807,근로기준법 일부개정법률안(대안),PRC_D2Z1W0C3P2O3C1D7Z4X3J4N8X1T8P1,근로기준법,환경노동위원회,찬성,9771271,9700038,0,http://likms.assembly.go.kr/bill/billDetail.do?billId=PRC_D2Z1W0C3P2O3C1D7Z4X3J4N8X1T8P1,http://likms.assembly.go.kr/bill/billDetail.do?billId=PRC_D2Z1W0C3P2O3C1D7Z4X3J4N8X1T8P1,386,4,21,PZA4062H
112,서일준,徐一俊,국민의힘,경남 거제시,2100000000122,101210,160019,20210429 213818,2109807,근로기준법 일부개정법률안(대안),PRC_D2Z1W0C3P2O3C1D7Z4X3J4N8X1T8P1,근로기준법,환경노동위원회,찬성,9771236,9700038,0,http://likms.assembly.go.kr/bill/billDetail.do?billId=PRC_D2Z1W0C3P2O3C1D7Z4X3J4N8X1T8P1,http://likms.assembly.go.kr/bill/billDetail.do?billId=PRC_D2Z1W0C3P2O3C1D7Z4X3J4N8X1T8P1,386,4,21,MR210505
113,엄태영,嚴泰永,국민의힘,충북 제천시단양군,2100000000152,101210,110007,20210429 213818,2109807,근로기준법 일부개정법률안(대안),PRC_D2Z1W0C3P2O3C1D7Z4X3J4N8X1T8P1,근로기준법,환경노동위원회,불참,9771202,9700038,0,http://likms.assembly.go.kr/bill/billDetail.do?billId=PRC_D2Z1W0C3P2O3C1D7Z4X3J4N8X1T8P1,http://likms.assembly.go.kr/bill/billDetail.do?billId=PRC_D2Z1W0C3P2O3C1D7Z4X3J4N8X1T8P1,386,4,21,8348421R
114,윤창현,尹暢賢,국민의힘,비례대표,2100000000178,101210,240001,20210429 213818,2109807,근로기준법 일부개정법률안(대안),PRC_D2Z1W0C3P2O3C1D7Z4X3J4N8X1T8P1,근로기준법,환경노동위원회,찬성,9771240,9700038,0,http://likms.assembly.go.kr/bill/billDetail.do?billId=PRC_D2Z1W0C3P2O3C1D7Z4X3J4N8X1T8P1,http://likms.assembly.go.kr/bill/billDetail.do?billId=PRC_D2Z1W0C3P2O3C1D7Z4X3J4N8X1T8P1,386,4,21,40E3739H
115,박상혁,朴商赫,더불어민주당,경기 김포시을,2100000000094,101182,080186,20210429 213818,2109807,근로기준법 일부개정법률안(대안),PRC_D2Z1W0C3P2O3C1D7Z4X3J4N8X1T8P1,근로기준법,환경노동위원회,찬성,9771193,9700038,0,http://likms.assembly.go.kr/bill/billDetail.do?billId=PRC_D2Z1W0C3P2O3C1D7Z4X3J4N8X1T8P1,http://likms.assembly.go.kr/bill/billDetail.do?billId=PRC_D2Z1W0C3P2O3C1D7Z4X3J4N8X1T8P1,386,4,21,HXT76735
116,이수진,李壽珍,더불어민주당,비례대표,2100000000198,101182,240001,20210429 213818,2109807,근로기준법 일부개정법률안(대안),PRC_D2Z1W0C3P2O3C1D7Z4X3J4N8X1T8P1,근로기준법,환경노동위원회,찬성,9771269,9700038,0,http://likms.assembly.go.kr/bill/billDetail.do?billId=PRC_D2Z1W0C3P2O3C1D7Z4X3J4N8X1T8P1,http://likms.assembly.go.kr/bill/billDetail.do?billId=PRC_D2Z1W0C3P2O3C1D7Z4X3J4N8X1T8P1,386,4,21,0R68099X
117,이광재,李光宰,더불어민주당,강원 원주시갑,2100000000184,101182,100018,20210429 213818,2109807,근로기준법 일부개정법률안(대안),PRC_D2Z1W0C3P2O3C1D7Z4X3J4N8X1T8P1,근로기준법,환경노동위원회,찬성,9771198,9700038,0,http://likms.assembly.go.kr/bill/billDetail.do?billId=PRC_D2Z1W0C3P2O3C1D7Z4X3J4N8X1T8P1,http://likms.assembly.go.kr/bill/billDetail.do?billId=PRC_D2Z1W0C3P2O3C1D7Z4X3J4N8X1T8P1,386,4,21,4A067125
118,정청래,鄭淸來,더불어민주당,서울 마포구을,2100000000248,101182,010040,20210429 213818,2109807,근로기준법 일부개정법률안(대안),PRC_D2Z1W0C3P2O3C1D7Z4X3J4N8X1T8P1,근로기준법,환경노동위원회,찬성,9771114,9700038,0,http://likms.assembly.go.kr/bill/billDetail.do?billId=PRC_D2Z1W0C3P2O3C1D7Z4X3J4N8X1T8P1,http://likms.assembly.go.kr/bill/billDetail.do?billId=PRC_D2Z1W0C3P2O3C1D7Z4X3J4N8X1T8P1,386,4,21,2385336L
119,조정식,趙正湜,더불어민주당,경기 시흥시을,2100000000259,101182,080058,20210429 213818,2109807,근로기준법 일부개정법률안(대안),PRC_D2Z1W0C3P2O3C1D7Z4X3J4N8X1T8P1,근로기준법,환경노동위원회,불참,9770456,9700038,0,http://likms.assembly.go.kr/bill/billDetail.do?billId=PRC_D2Z1W0C3P2O3C1D7Z4X3J4N8X1T8P1,http://likms.assembly.go.kr/bill/billDetail.do?billId=PRC_D2Z1W0C3P2O3C1D7Z4X3J4N8X1T8P1,386,4,21,IN328264
120,우원식,禹元植,더불어민주당,서울 노원구을,2100000000158,101182,010029,20210429 213818,2109807,근로기준법 일부개정법률안(대안),PRC_D2Z1W0C3P2O3C1D7Z4X3J4N8X1T8P1,근로기준법,환경노동위원회,불참,9770872,9700038,0,http://likms.assembly.go.kr/bill/billDetail.do?billId=PRC_D2Z1W0C3P2O3C1D7Z4X3J4N8X1T8P1,http://likms.assembly.go.kr/bill/billDetail.do?billId=PRC_D2Z1W0C3P2O3C1D7Z4X3J4N8X1T8P1,386,4,21,XBT9550Q
121,변재일,卞在一,더불어민주당,충북 청주시청원구,2100000000115,101182,110038,20210429 213818,2109807,근로기준법 일부개정법률안(대안),PRC_D2Z1W0C3P2O3C1D7Z4X3J4N8X1T8P1,근로기준법,환경노동위원회,찬성,9770356,9700038,0,http://likms.assembly.go.kr/bill/billDetail.do?billId=PRC_D2Z1W0C3P2O3C1D7Z4X3J4N8X1T8P1,http://likms.assembly.go.kr/bill/billDetail.do?billId=PRC_D2Z1W0C3P2O3C1D7Z4X3J4N8X1T8P1,386,4,21,MO52543L
122,노웅래,盧雄來,더불어민주당,서울 마포구갑,2100000000078,101182,010039,20210429 213818,2109807,근로기준법 일부개정법률안(대안),PRC_D2Z1W0C3P2O3C1D7Z4X3J4N8X1T8P1,근로기준법,환경노동위원회,찬성,9770753,9700038,0,http://likms.assembly.go.kr/bill/billDetail.do?billId=PRC_D2Z1W0C3P2O3C1D7Z4X3J4N8X1T8P1,http://likms.assembly.go.kr/bill/billDetail.do?billId=PRC_D2Z1W0C3P2O3C1D7Z4X3J4N8X1T8P1,386,4,21,0827740Q
123,김영주,金榮珠,더불어민주당,서울 영등포구갑,2100000000051,101182,010056,20210429 213818,2109807,근로기준법 일부개정법률안(대안),PRC_D2Z1W0C3P2O3C1D7Z4X3J4N8X1T8P1,근로기준법,환경노동위원회,찬성,9770975,9700038,0,http://likms.assembly.go.kr/bill/billDetail.do?billId=PRC_D2Z1W0C3P2O3C1D7Z4X3J4N8X1T8P1,http://likms.assembly.go.kr/bill/billDetail.do?billId=PRC_D2Z1W0C3P2O3C1D7Z4X3J4N8X1T8P1,386,4,21,0W194007
124,김교흥,金敎興,더불어민주당,인천 서구갑,2100000000025,101182,040024,20210429 213818,2109807,근로기준법 일부개정법률안(대안),PRC_D2Z1W0C3P2O3C1D7Z4X3J4N8X1T8P1,근로기준법,환경노동위원회,찬성,9771152,9700038,0,http://likms.assembly.go.kr/bill/billDetail.do?billId=PRC_D2Z1W0C3P2O3C1D7Z4X3J4N8X1T8P1,http://likms.assembly.go.kr/bill/billDetail.do?billId=PRC_D2Z1W0C3P2O3C1D7Z4X3J4N8X1T8P1,386,4,21,X1K3667J
125,허종식,許琮植,더불어민주당,인천 동구미추홀구갑,2100000000289,101182,210022,20210429 213818,2109807,근로기준법 일부개정법률안(대안),PRC_D2Z1W0C3P2O3C1D7Z4X3J4N8X1T8P1,근로기준법,환경노동위원회,찬성,9771149,9700038,0,http://likms.assembly.go.kr/bill/billDetail.do?billId=PRC_D2Z1W0C3P2O3C1D7Z4X3J4N8X1T8P1,http://likms.assembly.go.kr/bill/billDetail.do?billId=PRC_D2Z1W0C3P2O3C1D7Z4X3J4N8X1T8P1,386,4,21,VCP96419
126,강은미,姜恩美,정의당,비례대표,2100000000008,101180,240001,20210429 213818,2109807,근로기준법 일부개정법률안(대안),PRC_D2Z1W0C3P2O3C1D7Z4X3J4N8X1T8P1,근로기준법,환경노동위원회,찬성,9771276,9700038,0,http://likms.assembly.go.kr/bill/billDetail.do?billId=PRC_D2Z1W0C3P2O3C1D7Z4X3J4N8X1T8P1,http://likms.assembly.go.kr/bill/billDetail.do?billId=PRC_D2Z1W0C3P2O3C1D7Z4X3J4N8X1T8P1,386,4,21,WMG57662
127,류호정,柳好貞,정의당,비례대표,2100000000081,101180,240001,20210429 213818,2109807,근로기준법 일부개정법률안(대안),PRC_D2Z1W0C3P2O3C1D7Z4X3J4N8X1T8P1,근로기준법,환경노동위원회,찬성,9771274,9700038,0,http://likms.assembly.go.kr/bill/billDetail.do?billId=PRC_D2Z1W0C3P2O3C1D7Z4X3J4N8X1T8P1,http://likms.assembly.go.kr/bill/billDetail.do?billId=PRC_D2Z1W0C3P2O3C1D7Z4X3J4N8X1T8P1,386,4,21,NCP9875N
128,최기상,崔基相,더불어민주당,서울 금천구,2100000000270,101182,010053,20210429 213818,2109807,근로기준법 일부개정법률안(대안),PRC_D2Z1W0C3P2O3C1D7Z4X3J4N8X1T8P1,근로기준법,환경노동위원회,찬성,9771119,9700038,0,http://likms.assembly.go.kr/bill/billDetail.do?billId=PRC_D2Z1W0C3P2O3C1D7Z4X3J4N8X1T8P1,http://likms.assembly.go.kr/bill/billDetail.do?billId=PRC_D2Z1W0C3P2O3C1D7Z4X3J4N8X1T8P1,386,4,21,I5I2468R
129,이소영,李素永,더불어민주당,경기 의왕시과천시,2100000000196,101182,080049,20210429 213818,2109807,근로기준법 일부개정법률안(대안),PRC_D2Z1W0C3P2O3C1D7Z4X3J4N8X1T8P1,근로기준법,환경노동위원회,찬성,9771185,9700038,0,http://likms.assembly.go.kr/bill/billDetail.do?billId=PRC_D2Z1W0C3P2O3C1D7Z4X3J4N8X1T8P1,http://likms.assembly.go.kr/bill/billDetail.do?billId=PRC_D2Z1W0C3P2O3C1D7Z4X3J4N8X1T8P1,386,4,21,WTR5885Y
130,김은혜,金恩慧,국민의힘,경기 성남시분당구갑,2100000000060,101210,080011,20210429 213818,2109807,근로기준법 일부개정법률안(대안),PRC_D2Z1W0C3P2O3C1D7Z4X3J4N8X1T8P1,근로기준법,환경노동위원회,불참,9771171,9700038,0,http://likms.assembly.go.kr/bill/billDetail.do?billId=PRC_D2Z1W0C3P2O3C1D7Z4X3J4N8X1T8P1,http://likms.assembly.go.kr/bill/billDetail.do?billId=PRC_D2Z1W0C3P2O3C1D7Z4X3J4N8X1T8P1,386,4,21,L5P27909
131,정필모,鄭必模,더불어민주당,비례대표,2100000000251,101182,240001,20210429 213818,2109807,근로기준법 일부개정법률안(대안),PRC_D2Z1W0C3P2O3C1D7Z4X3J4N8X1T8P1,근로기준법,환경노동위원회,찬성,9771264,9700038,0,http://likms.assembly.go.kr/bill/billDetail.do?billId=PRC_D2Z1W0C3P2O3C1D7Z4X3J4N8X1T8P1,http://likms.assembly.go.kr/bill/billDetail.do?billId=PRC_D2Z1W0C3P2O3C1D7Z4X3J4N8X1T8P1,386,4,21,3425169D
132,최강욱,崔康旭,더불어민주당,비례대표,2100000000269,101182,240001,20210429 213818,2109807,근로기준법 일부개정법률안(대안),PRC_D2Z1W0C3P2O3C1D7Z4X3J4N8X1T8P1,근로기준법,환경노동위원회,찬성,9771282,9700038,0,http://likms.assembly.go.kr/bill/billDetail.do?billId=PRC_D2Z1W0C3P2O3C1D7Z4X3J4N8X1T8P1,http://likms.assembly.go.kr/bill/billDetail.do?billId=PRC_D2Z1W0C3P2O3C1D7Z4X3J4N8X1T8P1,386,4,21,ICH23251
133,조오섭,曺五燮,더불어민주당,광주 북구갑,2100000000257,101182,050007,20210429 213818,2109807,근로기준법 일부개정법률안(대안),PRC_D2Z1W0C3P2O3C1D7Z4X3J4N8X1T8P1,근로기준법,환경노동위원회,찬성,9771156,9700038,0,http://likms.assembly.go.kr/bill/billDetail.do?billId=PRC_D2Z1W0C3P2O3C1D7Z4X3J4N8X1T8P1,http://likms.assembly.go.kr/bill/billDetail.do?billId=PRC_D2Z1W0C3P2O3C1D7Z4X3J4N8X1T8P1,386,4,21,25I8709Q
134,오기형,吳奇炯,더불어민주당,서울 도봉구을,2100000000153,101182,010026,20210429 213818,2109807,근로기준법 일부개정법률안(대안),PRC_D2Z1W0C3P2O3C1D7Z4X3J4N8X1T8P1,근로기준법,환경노동위원회,찬성,9771113,9700038,0,http://likms.assembly.go.kr/bill/billDetail.do?billId=PRC_D2Z1W0C3P2O3C1D7Z4X3J4N8X1T8P1,http://likms.assembly.go.kr/bill/billDetail.do?billId=PRC_D2Z1W0C3P2O3C1D7Z4X3J4N8X1T8P1,386,4,21,OIA3741M
135,안병길,安炳吉,국민의힘,부산 서구동구,2100000000143,101210,020054,20210429 213818,2109807,근로기준법 일부개정법률안(대안),PRC_D2Z1W0C3P2O3C1D7Z4X3J4N8X1T8P1,근로기준법,환경노동위원회,찬성,9771132,9700038,0,http://likms.assembly.go.kr/bill/billDetail.do?billId=PRC_D2Z1W0C3P2O3C1D7Z4X3J4N8X1T8P1,http://likms.assembly.go.kr/bill/billDetail.do?billId=PRC_D2Z1W0C3P2O3C1D7Z4X3J4N8X1T8P1,386,4,21,6MO8786S
136,윤영찬,尹永燦,더불어민주당,경기 성남시중원구,2100000000173,101182,080009,20210429 213818,2109807,근로기준법 일부개정법률안(대안),PRC_D2Z1W0C3P2O3C1D7Z4X3J4N8X1T8P1,근로기준법,환경노동위원회,찬성,9771170,9700038,0,http://likms.assembly.go.kr/bill/billDetail.do?billId=PRC_D2Z1W0C3P2O3C1D7Z4X3J4N8X1T8P1,http://likms.assembly.go.kr/bill/billDetail.do?billId=PRC_D2Z1W0C3P2O3C1D7Z4X3J4N8X1T8P1,386,4,21,XWX1513T
137,서병수,徐秉洙,국민의힘,부산 부산진구갑,2100000000118,101210,020006,20210429 213818,2109807,근로기준법 일부개정법률안(대안),PRC_D2Z1W0C3P2O3C1D7Z4X3J4N8X1T8P1,근로기준법,환경노동위원회,기권,9771133,9700038,0,http://likms.assembly.go.kr/bill/billDetail.do?billId=PRC_D2Z1W0C3P2O3C1D7Z4X3J4N8X1T8P1,http://likms.assembly.go.kr/bill/billDetail.do?billId=PRC_D2Z1W0C3P2O3C1D7Z4X3J4N8X1T8P1,386,4,21,CT85313K
138,송영길,宋永吉,더불어민주당,인천 계양구을,2100000000132,101182,040016,20210429 213818,2109807,근로기준법 일부개정법률안(대안),PRC_D2Z1W0C3P2O3C1D7Z4X3J4N8X1T8P1,근로기준법,환경노동위원회,찬성,9770967,9700038,0,http://likms.assembly.go.kr/bill/billDetail.do?billId=PRC_D2Z1W0C3P2O3C1D7Z4X3J4N8X1T8P1,http://likms.assembly.go.kr/bill/billDetail.do?billId=PRC_D2Z1W0C3P2O3C1D7Z4X3J4N8X1T8P1,386,4,21,PAO22428
139,정진석,鄭鎭碩,국민의힘,충남 공주시부여군청양군,2100000000246,101210,120076,20210429 213818,2109807,근로기준법 일부개정법률안(대안),PRC_D2Z1W0C3P2O3C1D7Z4X3J4N8X1T8P1,근로기준법,환경노동위원회,기권,9771006,9700038,0,http://likms.assembly.go.kr/bill/billDetail.do?billId=PRC_D2Z1W0C3P2O3C1D7Z4X3J4N8X1T8P1,http://likms.assembly.go.kr/bill/billDetail.do?billId=PRC_D2Z1W0C3P2O3C1D7Z4X3J4N8X1T8P1,386,4,21,NQR1206Q
140,권영세,權寧世,국민의힘,서울 용산구,2100000000018,101210,010005,20210429 213818,2109807,근로기준법 일부개정법률안(대안),PRC_D2Z1W0C3P2O3C1D7Z4X3J4N8X1T8P1,근로기준법,환경노동위원회,불참,9771108,9700038,0,http://likms.assembly.go.kr/bill/billDetail.do?billId=PRC_D2Z1W0C3P2O3C1D7Z4X3J4N8X1T8P1,http://likms.assembly.go.kr/bill/billDetail.do?billId=PRC_D2Z1W0C3P2O3C1D7Z4X3J4N8X1T8P1,386,4,21,LG63087O
141,한병도,韓秉道,더불어민주당,전북 익산시을 ,2100000000284,101182,130006,20210429 213818,2109807,근로기준법 일부개정법률안(대안),PRC_D2Z1W0C3P2O3C1D7Z4X3J4N8X1T8P1,근로기준법,환경노동위원회,찬성,9771211,9700038,0,http://likms.assembly.go.kr/bill/billDetail.do?billId=PRC_D2Z1W0C3P2O3C1D7Z4X3J4N8X1T8P1,http://likms.assembly.go.kr/bill/billDetail.do?billId=PRC_D2Z1W0C3P2O3C1D7Z4X3J4N8X1T8P1,386,4,21,H5476989
142,홍준표,洪準杓,국민의힘,대구 수성구을,2100000000297,101210,030016,20210429 213818,2109807,근로기준법 일부개정법률안(대안),PRC_D2Z1W0C3P2O3C1D7Z4X3J4N8X1T8P1,근로기준법,환경노동위원회,불참,9771145,9700038,0,http://likms.assembly.go.kr/bill/billDetail.do?billId=PRC_D2Z1W0C3P2O3C1D7Z4X3J4N8X1T8P1,http://likms.assembly.go.kr/bill/billDetail.do?billId=PRC_D2Z1W0C3P2O3C1D7Z4X3J4N8X1T8P1,386,4,21,NAL4555X
143,설훈,薛勳,더불어민주당,경기 부천시을,2100000000124,101182,210029,20210429 213818,2109807,근로기준법 일부개정법률안(대안),PRC_D2Z1W0C3P2O3C1D7Z4X3J4N8X1T8P1,근로기준법,환경노동위원회,찬성,9770786,9700038,0,http://likms.assembly.go.kr/bill/billDetail.do?billId=PRC_D2Z1W0C3P2O3C1D7Z4X3J4N8X1T8P1,http://likms.assembly.go.kr/bill/billDetail.do?billId=PRC_D2Z1W0C3P2O3C1D7Z4X3J4N8X1T8P1,386,4,21,OW53107J
144,박용진,朴用鎭,더불어민주당,서울 강북구을,2100000000102,101182,010023,20210429 213818,2109807,근로기준법 일부개정법률안(대안),PRC_D2Z1W0C3P2O3C1D7Z4X3J4N8X1T8P1,근로기준법,환경노동위원회,찬성,9770929,9700038,0,http://likms.assembly.go.kr/bill/billDetail.do?billId=PRC_D2Z1W0C3P2O3C1D7Z4X3J4N8X1T8P1,http://likms.assembly.go.kr/bill/billDetail.do?billId=PRC_D2Z1W0C3P2O3C1D7Z4X3J4N8X1T8P1,386,4,21,PEP6922S
145,강대식,姜大植,국민의힘,대구 동구을,2100000000002,101210,030005,20210429 213818,2109807,근로기준법 일부개정법률안(대안),PRC_D2Z1W0C3P2O3C1D7Z4X3J4N8X1T8P1,근로기준법,환경노동위원회,찬성,9771142,9700038,0,http://likms.assembly.go.kr/bill/billDetail.do?billId=PRC_D2Z1W0C3P2O3C1D7Z4X3J4N8X1T8P1,http://likms.assembly.go.kr/bill/billDetail.do?billId=PRC_D2Z1W0C3P2O3C1D7Z4X3J4N8X1T8P1,386,4,21,L2I9861C
146,고민정,高旼廷,더불어민주당,서울 광진구을,2100000000011,101182,010010,20210429 213818,2109807,근로기준법 일부개정법률안(대안),PRC_D2Z1W0C3P2O3C1D7Z4X3J4N8X1T8P1,근로기준법,환경노동위원회,찬성,9771109,9700038,0,http://likms.assembly.go.kr/bill/billDetail.do?billId=PRC_D2Z1W0C3P2O3C1D7Z4X3J4N8X1T8P1,http://likms.assembly.go.kr/bill/billDetail.do?billId=PRC_D2Z1W0C3P2O3C1D7Z4X3J4N8X1T8P1,386,4,21,WCD5518S
147,김용판,金用判,국민의힘,대구 달서구병,2100000000056,101210,030020,20210429 213818,2109807,근로기준법 일부개정법률안(대안),PRC_D2Z1W0C3P2O3C1D7Z4X3J4N8X1T8P1,근로기준법,환경노동위원회,찬성,9771147,9700038,0,http://likms.assembly.go.kr/bill/billDetail.do?billId=PRC_D2Z1W0C3P2O3C1D7Z4X3J4N8X1T8P1,http://likms.assembly.go.kr/bill/billDetail.do?billId=PRC_D2Z1W0C3P2O3C1D7Z4X3J4N8X1T8P1,386,4,21,SVH3899R
148,이형석,李炯錫,더불어민주당,광주 북구을,2100000000223,101182,050009,20210429 213818,2109807,근로기준법 일부개정법률안(대안),PRC_D2Z1W0C3P2O3C1D7Z4X3J4N8X1T8P1,근로기준법,환경노동위원회,찬성,9771157,9700038,0,http://likms.assembly.go.kr/bill/billDetail.do?billId=PRC_D2Z1W0C3P2O3C1D7Z4X3J4N8X1T8P1,http://likms.assembly.go.kr/bill/billDetail.do?billId=PRC_D2Z1W0C3P2O3C1D7Z4X3J4N8X1T8P1,386,4,21,IOW8224X
149,최종윤,崔鍾允,더불어민주당,경기 하남시,2100000000274,101182,080061,20210429 213818,2109807,근로기준법 일부개정법률안(대안),PRC_D2Z1W0C3P2O3C1D7Z4X3J4N8X1T8P1,근로기준법,환경노동위원회,찬성,9771188,9700038,0,http://likms.assembly.go.kr/bill/billDetail.do?billId=PRC_D2Z1W0C3P2O3C1D7Z4X3J4N8X1T8P1,http://likms.assembly.go.kr/bill/billDetail.do?billId=PRC_D2Z1W0C3P2O3C1D7Z4X3J4N8X1T8P1,386,4,21,Z7Y7827F
150,김승원,金勝源,더불어민주당,경기 수원시갑,2100000000048,101182,080098,20210429 213818,2109807,근로기준법 일부개정법률안(대안),PRC_D2Z1W0C3P2O3C1D7Z4X3J4N8X1T8P1,근로기준법,환경노동위원회,찬성,9771169,9700038,0,http://likms.assembly.go.kr/bill/billDetail.do?billId=PRC_D2Z1W0C3P2O3C1D7Z4X3J4N8X1T8P1,http://likms.assembly.go.kr/bill/billDetail.do?billId=PRC_D2Z1W0C3P2O3C1D7Z4X3J4N8X1T8P1,386,4,21,ATB59635
151,양기대,梁基大,더불어민주당,경기 광명시을,2100000000147,101182,080030,20210429 213818,2109807,근로기준법 일부개정법률안(대안),PRC_D2Z1W0C3P2O3C1D7Z4X3J4N8X1T8P1,근로기준법,환경노동위원회,찬성,9771178,9700038,0,http://likms.assembly.go.kr/bill/billDetail.do?billId=PRC_D2Z1W0C3P2O3C1D7Z4X3J4N8X1T8P1,http://likms.assembly.go.kr/bill/billDetail.do?billId=PRC_D2Z1W0C3P2O3C1D7Z4X3J4N8X1T8P1,386,4,21,KUO3574J
152,김주영,金周暎,더불어민주당,경기 김포시갑,2100000000064,101182,080185,20210429 213818,2109807,근로기준법 일부개정법률안(대안),PRC_D2Z1W0C3P2O3C1D7Z4X3J4N8X1T8P1,근로기준법,환경노동위원회,찬성,9771192,9700038,0,http://likms.assembly.go.kr/bill/billDetail.do?billId=PRC_D2Z1W0C3P2O3C1D7Z4X3J4N8X1T8P1,http://likms.assembly.go.kr/bill/billDetail.do?billId=PRC_D2Z1W0C3P2O3C1D7Z4X3J4N8X1T8P1,386,4,21,D6U6678O
153,박수영,朴洙瑩,국민의힘,부산 남구갑,2100000000098,101210,020011,20210429 213818,2109807,근로기준법 일부개정법률안(대안),PRC_D2Z1W0C3P2O3C1D7Z4X3J4N8X1T8P1,근로기준법,환경노동위원회,기권,9771135,9700038,0,http://likms.assembly.go.kr/bill/billDetail.do?billId=PRC_D2Z1W0C3P2O3C1D7Z4X3J4N8X1T8P1,http://likms.assembly.go.kr/bill/billDetail.do?billId=PRC_D2Z1W0C3P2O3C1D7Z4X3J4N8X1T8P1,386,4,21,FU87526G
154,이양수,李亮壽,국민의힘,강원 속초시인제군고성군양양군,2100000000199,101210,210032,20210429 213818,2109807,근로기준법 일부개정법률안(대안),PRC_D2Z1W0C3P2O3C1D7Z4X3J4N8X1T8P1,근로기준법,환경노동위원회,찬성,9771003,9700038,0,http://likms.assembly.go.kr/bill/billDetail.do?billId=PRC_D2Z1W0C3P2O3C1D7Z4X3J4N8X1T8P1,http://likms.assembly.go.kr/bill/billDetail.do?billId=PRC_D2Z1W0C3P2O3C1D7Z4X3J4N8X1T8P1,386,4,21,S9U45255
155,유기홍,柳基洪,더불어민주당,서울 관악구갑,2100000000161,101182,010062,20210429 213818,2109807,근로기준법 일부개정법률안(대안),PRC_D2Z1W0C3P2O3C1D7Z4X3J4N8X1T8P1,근로기준법,환경노동위원회,찬성,9771121,9700038,0,http://likms.assembly.go.kr/bill/billDetail.do?billId=PRC_D2Z1W0C3P2O3C1D7Z4X3J4N8X1T8P1,http://likms.assembly.go.kr/bill/billDetail.do?billId=PRC_D2Z1W0C3P2O3C1D7Z4X3J4N8X1T8P1,386,4,21,8FC9697X
156,박진,朴振,국민의힘,서울 강남구을,2100000000106,101210,010069,20210429 213818,2109807,근로기준법 일부개정법률안(대안),PRC_D2Z1W0C3P2O3C1D7Z4X3J4N8X1T8P1,근로기준법,환경노동위원회,찬성,9771125,9700038,0,http://likms.assembly.go.kr/bill/billDetail.do?billId=PRC_D2Z1W0C3P2O3C1D7Z4X3J4N8X1T8P1,http://likms.assembly.go.kr/bill/billDetail.do?billId=PRC_D2Z1W0C3P2O3C1D7Z4X3J4N8X1T8P1,386,4,21,QKO6165V
157,홍문표,洪文杓,국민의힘,충남 홍성군예산군,2100000000291,101210,120018,20210429 213818,2109807,근로기준법 일부개정법률안(대안),PRC_D2Z1W0C3P2O3C1D7Z4X3J4N8X1T8P1,근로기준법,환경노동위원회,불참,9770886,9700038,0,http://likms.assembly.go.kr/bill/billDetail.do?billId=PRC_D2Z1W0C3P2O3C1D7Z4X3J4N8X1T8P1,http://likms.assembly.go.kr/bill/billDetail.do?billId=PRC_D2Z1W0C3P2O3C1D7Z4X3J4N8X1T8P1,386,4,21,GD131760
158,진선미,陳善美,더불어민주당,서울 강동구갑,2100000000266,101182,010076,20210429 213818,2109807,근로기준법 일부개정법률안(대안),PRC_D2Z1W0C3P2O3C1D7Z4X3J4N8X1T8P1,근로기준법,환경노동위원회,찬성,9770852,9700038,0,http://likms.assembly.go.kr/bill/billDetail.do?billId=PRC_D2Z1W0C3P2O3C1D7Z4X3J4N8X1T8P1,http://likms.assembly.go.kr/bill/billDetail.do?billId=PRC_D2Z1W0C3P2O3C1D7Z4X3J4N8X1T8P1,386,4,21,68P7228G
159,김태호,金台鎬,국민의힘,경남 산청군함양군거창군합천군,2100000000069,101210,160125,20210429 213818,2109807,근로기준법 일부개정법률안(대안),PRC_D2Z1W0C3P2O3C1D7Z4X3J4N8X1T8P1,근로기준법,환경노동위원회,불참,9771237,9700038,0,http://likms.assembly.go.kr/bill/billDetail.do?billId=PRC_D2Z1W0C3P2O3C1D7Z4X3J4N8X1T8P1,http://likms.assembly.go.kr/bill/billDetail.do?billId=PRC_D2Z1W0C3P2O3C1D7Z4X3J4N8X1T8P1,386,4,21,P0F1530P
160,한정애,韓貞愛,더불어민주당,서울 강서구병,2100000000285,101182,010099,20210429 213818,2109807,근로기준법 일부개정법률안(대안),PRC_D2Z1W0C3P2O3C1D7Z4X3J4N8X1T8P1,근로기준법,환경노동위원회,불참,9770859,9700038,0,http://likms.assembly.go.kr/bill/billDetail.do?billId=PRC_D2Z1W0C3P2O3C1D7Z4X3J4N8X1T8P1,http://likms.assembly.go.kr/bill/billDetail.do?billId=PRC_D2Z1W0C3P2O3C1D7Z4X3J4N8X1T8P1,386,4,21,XPP2564T
161,홍익표,洪翼杓,더불어민주당,서울 중구성동구갑,2100000000295,101182,010096,20210429 213818,2109807,근로기준법 일부개정법률안(대안),PRC_D2Z1W0C3P2O3C1D7Z4X3J4N8X1T8P1,근로기준법,환경노동위원회,찬성,9770864,9700038,0,http://likms.assembly.go.kr/bill/billDetail.do?billId=PRC_D2Z1W0C3P2O3C1D7Z4X3J4N8X1T8P1,http://likms.assembly.go.kr/bill/billDetail.do?billId=PRC_D2Z1W0C3P2O3C1D7Z4X3J4N8X1T8P1,386,4,21,FRN1867O
162,김웅,金雄,국민의힘,서울 송파구갑,2100000000057,101210,010072,20210429 213818,2109807,근로기준법 일부개정법률안(대안),PRC_D2Z1W0C3P2O3C1D7Z4X3J4N8X1T8P1,근로기준법,환경노동위원회,찬성,9771127,9700038,0,http://likms.assembly.go.kr/bill/billDetail.do?billId=PRC_D2Z1W0C3P2O3C1D7Z4X3J4N8X1T8P1,http://likms.assembly.go.kr/bill/billDetail.do?billId=PRC_D2Z1W0C3P2O3C1D7Z4X3J4N8X1T8P1,386,4,21,LQW3652K
163,이동주,李東洲,더불어민주당,비례대표,2100000000188,101182,240001,20210429 213818,2109807,근로기준법 일부개정법률안(대안),PRC_D2Z1W0C3P2O3C1D7Z4X3J4N8X1T8P1,근로기준법,환경노동위원회,찬성,9771260,9700038,0,http://likms.assembly.go.kr/bill/billDetail.do?billId=PRC_D2Z1W0C3P2O3C1D7Z4X3J4N8X1T8P1,http://likms.assembly.go.kr/bill/billDetail.do?billId=PRC_D2Z1W0C3P2O3C1D7Z4X3J4N8X1T8P1,386,4,21,RO593601
164,정희용,鄭熙溶,국민의힘,경북 고령군성주군칠곡군,2100000000252,101210,150022,20210429 213818,2109807,근로기준법 일부개정법률안(대안),PRC_D2Z1W0C3P2O3C1D7Z4X3J4N8X1T8P1,근로기준법,환경노동위원회,찬성,9771229,9700038,0,http://likms.assembly.go.kr/bill/billDetail.do?billId=PRC_D2Z1W0C3P2O3C1D7Z4X3J4N8X1T8P1,http://likms.assembly.go.kr/bill/billDetail.do?billId=PRC_D2Z1W0C3P2O3C1D7Z4X3J4N8X1T8P1,386,4,21,PFG2137X
165,한무경,韓茂景,국민의힘,비례대표,2100000000283,101210,240001,20210429 213818,2109807,근로기준법 일부개정법률안(대안),PRC_D2Z1W0C3P2O3C1D7Z4X3J4N8X1T8P1,근로기준법,환경노동위원회,반대,9771241,9700038,0,http://likms.assembly.go.kr/bill/billDetail.do?billId=PRC_D2Z1W0C3P2O3C1D7Z4X3J4N8X1T8P1,http://likms.assembly.go.kr/bill/billDetail.do?billId=PRC_D2Z1W0C3P2O3C1D7Z4X3J4N8X1T8P1,386,4,21,UB114374
166,장혜영,張惠英,정의당,비례대표,2100000000232,101180,240001,20210429 213818,2109807,근로기준법 일부개정법률안(대안),PRC_D2Z1W0C3P2O3C1D7Z4X3J4N8X1T8P1,근로기준법,환경노동위원회,찬성,9771275,9700038,0,http://likms.assembly.go.kr/bill/billDetail.do?billId=PRC_D2Z1W0C3P2O3C1D7Z4X3J4N8X1T8P1,http://likms.assembly.go.kr/bill/billDetail.do?billId=PRC_D2Z1W0C3P2O3C1D7Z4X3J4N8X1T8P1,386,4,21,GAV6441G
167,황운하,黃雲夏,더불어민주당,대전 중구,2100000000299,101182,060003,20210429 213818,2109807,근로기준법 일부개정법률안(대안),PRC_D2Z1W0C3P2O3C1D7Z4X3J4N8X1T8P1,근로기준법,환경노동위원회,찬성,9771161,9700038,0,http://likms.assembly.go.kr/bill/billDetail.do?billId=PRC_D2Z1W0C3P2O3C1D7Z4X3J4N8X1T8P1,http://likms.assembly.go.kr/bill/billDetail.do?billId=PRC_D2Z1W0C3P2O3C1D7Z4X3J4N8X1T8P1,386,4,21,0YT3774N
168,윤두현,尹斗鉉,국민의힘,경북 경산시,2100000000168,101210,150136,20210429 213818,2109807,근로기준법 일부개정법률안(대안),PRC_D2Z1W0C3P2O3C1D7Z4X3J4N8X1T8P1,근로기준법,환경노동위원회,찬성,9771227,9700038,0,http://likms.assembly.go.kr/bill/billDetail.do?billId=PRC_D2Z1W0C3P2O3C1D7Z4X3J4N8X1T8P1,http://likms.assembly.go.kr/bill/billDetail.do?billId=PRC_D2Z1W0C3P2O3C1D7Z4X3J4N8X1T8P1,386,4,21,7JC3239L
169,박영순,朴英淳,더불어민주당,대전 대덕구,2100000000099,101182,060011,20210429 213818,2109807,근로기준법 일부개정법률안(대안),PRC_D2Z1W0C3P2O3C1D7Z4X3J4N8X1T8P1,근로기준법,환경노동위원회,찬성,9771162,9700038,0,http://likms.assembly.go.kr/bill/billDetail.do?billId=PRC_D2Z1W0C3P2O3C1D7Z4X3J4N8X1T8P1,http://likms.assembly.go.kr/bill/billDetail.do?billId=PRC_D2Z1W0C3P2O3C1D7Z4X3J4N8X1T8P1,386,4,21,40S1959J
170,박성준,朴省俊,더불어민주당,서울 중구성동구을,2100000000096,101182,010097,20210429 213818,2109807,근로기준법 일부개정법률안(대안),PRC_D2Z1W0C3P2O3C1D7Z4X3J4N8X1T8P1,근로기준법,환경노동위원회,찬성,9771107,9700038,0,http://likms.assembly.go.kr/bill/billDetail.do?billId=PRC_D2Z1W0C3P2O3C1D7Z4X3J4N8X1T8P1,http://likms.assembly.go.kr/bill/billDetail.do?billId=PRC_D2Z1W0C3P2O3C1D7Z4X3J4N8X1T8P1,386,4,21,IL74008M
171,이성만,李成萬,무소속,인천 부평구갑,2100000000195,101030,040013,20210429 213818,2109807,근로기준법 일부개정법률안(대안),PRC_D2Z1W0C3P2O3C1D7Z4X3J4N8X1T8P1,근로기준법,환경노동위원회,찬성,9771151,9700038,0,http://likms.assembly.go.kr/bill/billDetail.do?billId=PRC_D2Z1W0C3P2O3C1D7Z4X3J4N8X1T8P1,http://likms.assembly.go.kr/bill/billDetail.do?billId=PRC_D2Z1W0C3P2O3C1D7Z4X3J4N8X1T8P1,386,4,21,8KF7223D
172,강득구,姜得求,더불어민주당,경기 안양시만안구,2100000000003,101182,080017,20210429 213818,2109807,근로기준법 일부개정법률안(대안),PRC_D2Z1W0C3P2O3C1D7Z4X3J4N8X1T8P1,근로기준법,환경노동위원회,찬성,9771174,9700038,0,http://likms.assembly.go.kr/bill/billDetail.do?billId=PRC_D2Z1W0C3P2O3C1D7Z4X3J4N8X1T8P1,http://likms.assembly.go.kr/bill/billDetail.do?billId=PRC_D2Z1W0C3P2O3C1D7Z4X3J4N8X1T8P1,386,4,21,8P37634C
173,김병주,金柄周,더불어민주당,비례대표,2100000000037,101182,240001,20210429 213818,2109807,근로기준법 일부개정법률안(대안),PRC_D2Z1W0C3P2O3C1D7Z4X3J4N8X1T8P1,근로기준법,환경노동위원회,찬성,9771268,9700038,0,http://likms.assembly.go.kr/bill/billDetail.do?billId=PRC_D2Z1W0C3P2O3C1D7Z4X3J4N8X1T8P1,http://likms.assembly.go.kr/bill/billDetail.do?billId=PRC_D2Z1W0C3P2O3C1D7Z4X3J4N8X1T8P1,386,4,21,GF286398
174,진성준,陳聲準,더불어민주당,서울 강서구을,2100000000267,101182,010047,20210429 213818,2109807,근로기준법 일부개정법률안(대안),PRC_D2Z1W0C3P2O3C1D7Z4X3J4N8X1T8P1,근로기준법,환경노동위원회,찬성,9771117,9700038,0,http://likms.assembly.go.kr/bill/billDetail.do?billId=PRC_D2Z1W0C3P2O3C1D7Z4X3J4N8X1T8P1,http://likms.assembly.go.kr/bill/billDetail.do?billId=PRC_D2Z1W0C3P2O3C1D7Z4X3J4N8X1T8P1,386,4,21,3C23171A
175,권성동,權性東,국민의힘,강원 강릉시,2100000000017,101210,100005,20210429 213818,2109807,근로기준법 일부개정법률안(대안),PRC_D2Z1W0C3P2O3C1D7Z4X3J4N8X1T8P1,근로기준법,환경노동위원회,불참,9770679,9700038,0,http://likms.assembly.go.kr/bill/billDetail.do?billId=PRC_D2Z1W0C3P2O3C1D7Z4X3J4N8X1T8P1,http://likms.assembly.go.kr/bill/billDetail.do?billId=PRC_D2Z1W0C3P2O3C1D7Z4X3J4N8X1T8P1,386,4,21,GDG1847Z
176,김승남,金承南,더불어민주당,전남 고흥군보성군장흥군강진군,2100000000046,101182,140112,20210429 213818,2109807,근로기준법 일부개정법률안(대안),PRC_D2Z1W0C3P2O3C1D7Z4X3J4N8X1T8P1,근로기준법,환경노동위원회,찬성,9771220,9700038,0,http://likms.assembly.go.kr/bill/billDetail.do?billId=PRC_D2Z1W0C3P2O3C1D7Z4X3J4N8X1T8P1,http://likms.assembly.go.kr/bill/billDetail.do?billId=PRC_D2Z1W0C3P2O3C1D7Z4X3J4N8X1T8P1,386,4,21,P2N4585G
177,한기호,韓起鎬,국민의힘,강원 춘천시철원군화천군양구군을,2100000000282,101210,210034,20210429 213818,2109807,근로기준법 일부개정법률안(대안),PRC_D2Z1W0C3P2O3C1D7Z4X3J4N8X1T8P1,근로기준법,환경노동위원회,반대,9771197,9700038,0,http://likms.assembly.go.kr/bill/billDetail.do?billId=PRC_D2Z1W0C3P2O3C1D7Z4X3J4N8X1T8P1,http://likms.assembly.go.kr/bill/billDetail.do?billId=PRC_D2Z1W0C3P2O3C1D7Z4X3J4N8X1T8P1,386,4,21,JQA21112
178,김태흠,金泰欽,국민의힘,충남 보령시서천군,2100000000070,101210,120007,20210429 213818,2109807,근로기준법 일부개정법률안(대안),PRC_D2Z1W0C3P2O3C1D7Z4X3J4N8X1T8P1,근로기준법,환경노동위원회,불참,9770742,9700038,0,http://likms.assembly.go.kr/bill/billDetail.do?billId=PRC_D2Z1W0C3P2O3C1D7Z4X3J4N8X1T8P1,http://likms.assembly.go.kr/bill/billDetail.do?billId=PRC_D2Z1W0C3P2O3C1D7Z4X3J4N8X1T8P1,386,4,21,TVF3669B
179,윤관석,尹官石,무소속,인천 남동구을,2100000000167,101030,040011,20210429 213818,2109807,근로기준법 일부개정법률안(대안),PRC_D2Z1W0C3P2O3C1D7Z4X3J4N8X1T8P1,근로기준법,환경노동위원회,찬성,9770808,9700038,0,http://likms.assembly.go.kr/bill/billDetail.do?billId=PRC_D2Z1W0C3P2O3C1D7Z4X3J4N8X1T8P1,http://likms.assembly.go.kr/bill/billDetail.do?billId=PRC_D2Z1W0C3P2O3C1D7Z4X3J4N8X1T8P1,386,4,21,JMY9959W
180,박범계,朴範界,더불어민주당,대전 서구을,2100000000092,101182,060007,20210429 213818,2109807,근로기준법 일부개정법률안(대안),PRC_D2Z1W0C3P2O3C1D7Z4X3J4N8X1T8P1,근로기준법,환경노동위원회,불참,9770770,9700038,0,http://likms.assembly.go.kr/bill/billDetail.do?billId=PRC_D2Z1W0C3P2O3C1D7Z4X3J4N8X1T8P1,http://likms.assembly.go.kr/bill/billDetail.do?billId=PRC_D2Z1W0C3P2O3C1D7Z4X3J4N8X1T8P1,386,4,21,7R156073
181,김희국,金熙國,국민의힘,경북 군위군의성군청송군영덕군,2100000000076,101210,210036,20210429 213818,2109807,근로기준법 일부개정법률안(대안),PRC_D2Z1W0C3P2O3C1D7Z4X3J4N8X1T8P1,근로기준법,환경노동위원회,찬성,9771228,9700038,0,http://likms.assembly.go.kr/bill/billDetail.do?billId=PRC_D2Z1W0C3P2O3C1D7Z4X3J4N8X1T8P1,http://likms.assembly.go.kr/bill/billDetail.do?billId=PRC_D2Z1W0C3P2O3C1D7Z4X3J4N8X1T8P1,386,4,21,6AR6743G
182,도종환,都鍾煥,더불어민주당,충북 청주시흥덕구,2100000000079,101182,110002,20210429 213818,2109807,근로기준법 일부개정법률안(대안),PRC_D2Z1W0C3P2O3C1D7Z4X3J4N8X1T8P1,근로기준법,환경노동위원회,찬성,9770755,9700038,0,http://likms.assembly.go.kr/bill/billDetail.do?billId=PRC_D2Z1W0C3P2O3C1D7Z4X3J4N8X1T8P1,http://likms.assembly.go.kr/bill/billDetail.do?billId=PRC_D2Z1W0C3P2O3C1D7Z4X3J4N8X1T8P1,386,4,21,J2O8643H
183,박주민,朴柱民,더불어민주당,서울 은평구갑,2100000000105,101182,010032,20210429 213818,2109807,근로기준법 일부개정법률안(대안),PRC_D2Z1W0C3P2O3C1D7Z4X3J4N8X1T8P1,근로기준법,환경노동위원회,찬성,9770932,9700038,0,http://likms.assembly.go.kr/bill/billDetail.do?billId=PRC_D2Z1W0C3P2O3C1D7Z4X3J4N8X1T8P1,http://likms.assembly.go.kr/bill/billDetail.do?billId=PRC_D2Z1W0C3P2O3C1D7Z4X3J4N8X1T8P1,386,4,21,6AU2417B
184,최연숙,崔姸淑,국민의힘,비례대표,2100000000272,101210,240001,20210429 213818,2109807,근로기준법 일부개정법률안(대안),PRC_D2Z1W0C3P2O3C1D7Z4X3J4N8X1T8P1,근로기준법,환경노동위원회,기권,9771279,9700038,0,http://likms.assembly.go.kr/bill/billDetail.do?billId=PRC_D2Z1W0C3P2O3C1D7Z4X3J4N8X1T8P1,http://likms.assembly.go.kr/bill/billDetail.do?billId=PRC_D2Z1W0C3P2O3C1D7Z4X3J4N8X1T8P1,386,4,21,8VJ8533R
185,김영배,金永培,더불어민주당,서울 성북구갑,2100000000049,101182,010019,20210429 213818,2109807,근로기준법 일부개정법률안(대안),PRC_D2Z1W0C3P2O3C1D7Z4X3J4N8X1T8P1,근로기준법,환경노동위원회,찬성,9771111,9700038,0,http://likms.assembly.go.kr/bill/billDetail.do?billId=PRC_D2Z1W0C3P2O3C1D7Z4X3J4N8X1T8P1,http://likms.assembly.go.kr/bill/billDetail.do?billId=PRC_D2Z1W0C3P2O3C1D7Z4X3J4N8X1T8P1,386,4,21,B7D7534L
186,윤재갑,尹才鉀,더불어민주당,전남 해남군완도군진도군,2100000000174,101182,140102,20210429 213818,2109807,근로기준법 일부개정법률안(대안),PRC_D2Z1W0C3P2O3C1D7Z4X3J4N8X1T8P1,근로기준법,환경노동위원회,찬성,9771221,9700038,0,http://likms.assembly.go.kr/bill/billDetail.do?billId=PRC_D2Z1W0C3P2O3C1D7Z4X3J4N8X1T8P1,http://likms.assembly.go.kr/bill/billDetail.do?billId=PRC_D2Z1W0C3P2O3C1D7Z4X3J4N8X1T8P1,386,4,21,SE233396
187,신영대,申榮大,더불어민주당,전북 군산시,2100000000136,101182,130005,20210429 213818,2109807,근로기준법 일부개정법률안(대안),PRC_D2Z1W0C3P2O3C1D7Z4X3J4N8X1T8P1,근로기준법,환경노동위원회,찬성,9771209,9700038,0,http://likms.assembly.go.kr/bill/billDetail.do?billId=PRC_D2Z1W0C3P2O3C1D7Z4X3J4N8X1T8P1,http://likms.assembly.go.kr/bill/billDetail.do?billId=PRC_D2Z1W0C3P2O3C1D7Z4X3J4N8X1T8P1,386,4,21,AFH96856
188,김희곤,金熙坤,국민의힘,부산 동래구,2100000000075,101210,020010,20210429 213818,2109807,근로기준법 일부개정법률안(대안),PRC_D2Z1W0C3P2O3C1D7Z4X3J4N8X1T8P1,근로기준법,환경노동위원회,불참,9771134,9700038,0,http://likms.assembly.go.kr/bill/billDetail.do?billId=PRC_D2Z1W0C3P2O3C1D7Z4X3J4N8X1T8P1,http://likms.assembly.go.kr/bill/billDetail.do?billId=PRC_D2Z1W0C3P2O3C1D7Z4X3J4N8X1T8P1,386,4,21,52P3934K
189,박대수,朴大壽,국민의힘,비례대표,2100000000089,101210,240001,20210429 213818,2109807,근로기준법 일부개정법률안(대안),PRC_D2Z1W0C3P2O3C1D7Z4X3J4N8X1T8P1,근로기준법,환경노동위원회,불참,9771248,9700038,0,http://likms.assembly.go.kr/bill/billDetail.do?billId=PRC_D2Z1W0C3P2O3C1D7Z4X3J4N8X1T8P1,http://likms.assembly.go.kr/bill/billDetail.do?billId=PRC_D2Z1W0C3P2O3C1D7Z4X3J4N8X1T8P1,386,4,21,B7H6207C
190,신현영,申賢榮,더불어민주당,비례대표,2100000000139,101182,240001,20210429 213818,2109807,근로기준법 일부개정법률안(대안),PRC_D2Z1W0C3P2O3C1D7Z4X3J4N8X1T8P1,근로기준법,환경노동위원회,찬성,9771257,9700038,0,http://likms.assembly.go.kr/bill/billDetail.do?billId=PRC_D2Z1W0C3P2O3C1D7Z4X3J4N8X1T8P1,http://likms.assembly.go.kr/bill/billDetail.do?billId=PRC_D2Z1W0C3P2O3C1D7Z4X3J4N8X1T8P1,386,4,21,F5Y4026Q
191,양향자,梁香子,한국의희망,광주 서구을,2100000000150,101212,050004,20210429 213818,2109807,근로기준법 일부개정법률안(대안),PRC_D2Z1W0C3P2O3C1D7Z4X3J4N8X1T8P1,근로기준법,환경노동위원회,찬성,9771155,9700038,0,http://likms.assembly.go.kr/bill/billDetail.do?billId=PRC_D2Z1W0C3P2O3C1D7Z4X3J4N8X1T8P1,http://likms.assembly.go.kr/bill/billDetail.do?billId=PRC_D2Z1W0C3P2O3C1D7Z4X3J4N8X1T8P1,386,4,21,WHV3448W
192,김상훈,金相勳,국민의힘,대구 서구,2100000000038,101210,030006,20210429 213818,2109807,근로기준법 일부개정법률안(대안),PRC_D2Z1W0C3P2O3C1D7Z4X3J4N8X1T8P1,근로기준법,환경노동위원회,찬성,9770725,9700038,0,http://likms.assembly.go.kr/bill/billDetail.do?billId=PRC_D2Z1W0C3P2O3C1D7Z4X3J4N8X1T8P1,http://likms.assembly.go.kr/bill/billDetail.do?billId=PRC_D2Z1W0C3P2O3C1D7Z4X3J4N8X1T8P1,386,4,21,1Y73132H
193,하태경,河泰慶,국민의힘,부산 해운대구갑,2100000000281,101210,020055,20210429 213818,2109807,근로기준법 일부개정법률안(대안),PRC_D2Z1W0C3P2O3C1D7Z4X3J4N8X1T8P1,근로기준법,환경노동위원회,불참,9770858,9700038,0,http://likms.assembly.go.kr/bill/billDetail.do?billId=PRC_D2Z1W0C3P2O3C1D7Z4X3J4N8X1T8P1,http://likms.assembly.go.kr/bill/billDetail.do?billId=PRC_D2Z1W0C3P2O3C1D7Z4X3J4N8X1T8P1,386,4,21,I0S53762
194,김도읍,金度邑,국민의힘,부산 북구강서구을,2100000000028,101210,020015,20210429 213818,2109807,근로기준법 일부개정법률안(대안),PRC_D2Z1W0C3P2O3C1D7Z4X3J4N8X1T8P1,근로기준법,환경노동위원회,찬성,9770719,9700038,0,http://likms.assembly.go.kr/bill/billDetail.do?billId=PRC_D2Z1W0C3P2O3C1D7Z4X3J4N8X1T8P1,http://likms.assembly.go.kr/bill/billDetail.do?billId=PRC_D2Z1W0C3P2O3C1D7Z4X3J4N8X1T8P1,386,4,21,LH97552Q
195,서영교,徐瑛敎,더불어민주당,서울 중랑구갑,2100000000120,101182,010016,20210429 213818,2109807,근로기준법 일부개정법률안(대안),PRC_D2Z1W0C3P2O3C1D7Z4X3J4N8X1T8P1,근로기준법,환경노동위원회,찬성,9770784,9700038,0,http://likms.assembly.go.kr/bill/billDetail.do?billId=PRC_D2Z1W0C3P2O3C1D7Z4X3J4N8X1T8P1,http://likms.assembly.go.kr/bill/billDetail.do?billId=PRC_D2Z1W0C3P2O3C1D7Z4X3J4N8X1T8P1,386,4,21,TKJ4800F
196,민홍철,閔洪喆,더불어민주당,경남 김해시갑,2100000000087,101182,160016,20210429 213818,2109807,근로기준법 일부개정법률안(대안),PRC_D2Z1W0C3P2O3C1D7Z4X3J4N8X1T8P1,근로기준법,환경노동위원회,찬성,9770764,9700038,0,http://likms.assembly.go.kr/bill/billDetail.do?billId=PRC_D2Z1W0C3P2O3C1D7Z4X3J4N8X1T8P1,http://likms.assembly.go.kr/bill/billDetail.do?billId=PRC_D2Z1W0C3P2O3C1D7Z4X3J4N8X1T8P1,386,4,21,O6D8329R
197,남인순,南仁順,더불어민주당,서울 송파구병,2100000000077,101182,010075,20210429 213818,2109807,근로기준법 일부개정법률안(대안),PRC_D2Z1W0C3P2O3C1D7Z4X3J4N8X1T8P1,근로기준법,환경노동위원회,찬성,9770752,9700038,0,http://likms.assembly.go.kr/bill/billDetail.do?billId=PRC_D2Z1W0C3P2O3C1D7Z4X3J4N8X1T8P1,http://likms.assembly.go.kr/bill/billDetail.do?billId=PRC_D2Z1W0C3P2O3C1D7Z4X3J4N8X1T8P1,386,4,21,04T3751T
198,안규백,安圭伯,더불어민주당,서울 동대문구갑,2100000000141,101182,010012,20210429 213818,2109807,근로기준법 일부개정법률안(대안),PRC_D2Z1W0C3P2O3C1D7Z4X3J4N8X1T8P1,근로기준법,환경노동위원회,찬성,9770587,9700038,0,http://likms.assembly.go.kr/bill/billDetail.do?billId=PRC_D2Z1W0C3P2O3C1D7Z4X3J4N8X1T8P1,http://likms.assembly.go.kr/bill/billDetail.do?billId=PRC_D2Z1W0C3P2O3C1D7Z4X3J4N8X1T8P1,386,4,21,TST4507I
199,이헌승,李憲昇,국민의힘,부산 부산진구을,2100000000222,101210,020008,20210429 213818,2109807,근로기준법 일부개정법률안(대안),PRC_D2Z1W0C3P2O3C1D7Z4X3J4N8X1T8P1,근로기준법,환경노동위원회,반대,9770837,9700038,0,http://likms.assembly.go.kr/bill/billDetail.do?billId=PRC_D2Z1W0C3P2O3C1D7Z4X3J4N8X1T8P1,http://likms.assembly.go.kr/bill/billDetail.do?billId=PRC_D2Z1W0C3P2O3C1D7Z4X3J4N8X1T8P1,386,4,21,EVH1507C
200,이학영,李學永,더불어민주당,경기 군포시,2100000000220,101182,080059,20210429 213818,2109807,근로기준법 일부개정법률안(대안),PRC_D2Z1W0C3P2O3C1D7Z4X3J4N8X1T8P1,근로기준법,환경노동위원회,찬성,9770836,9700038,0,http://likms.assembly.go.kr/bill/billDetail.do?billId=PRC_D2Z1W0C3P2O3C1D7Z4X3J4N8X1T8P1,http://likms.assembly.go.kr/bill/billDetail.do?billId=PRC_D2Z1W0C3P2O3C1D7Z4X3J4N8X1T8P1,386,4,21,K5F2023J
201,강기윤,姜起潤,국민의힘,경남 창원시성산구,2100000000001,101210,160124,20210429 213818,2109807,근로기준법 일부개정법률안(대안),PRC_D2Z1W0C3P2O3C1D7Z4X3J4N8X1T8P1,근로기준법,환경노동위원회,불참,9771230,9700038,0,http://likms.assembly.go.kr/bill/billDetail.do?billId=PRC_D2Z1W0C3P2O3C1D7Z4X3J4N8X1T8P1,http://likms.assembly.go.kr/bill/billDetail.do?billId=PRC_D2Z1W0C3P2O3C1D7Z4X3J4N8X1T8P1,386,4,21,14M56632
202,전혜숙,全惠淑,더불어민주당,서울 광진구갑,2100000000238,101182,010009,20210429 213818,2109807,근로기준법 일부개정법률안(대안),PRC_D2Z1W0C3P2O3C1D7Z4X3J4N8X1T8P1,근로기준법,환경노동위원회,찬성,9770926,9700038,0,http://likms.assembly.go.kr/bill/billDetail.do?billId=PRC_D2Z1W0C3P2O3C1D7Z4X3J4N8X1T8P1,http://likms.assembly.go.kr/bill/billDetail.do?billId=PRC_D2Z1W0C3P2O3C1D7Z4X3J4N8X1T8P1,386,4,21,N9X9673B
203,정정순,鄭正淳,더불어민주당,충북 청주시상당구,2100000000245,101182,110001,20210429 213818,2109807,근로기준법 일부개정법률안(대안),PRC_D2Z1W0C3P2O3C1D7Z4X3J4N8X1T8P1,근로기준법,환경노동위원회,찬성,9771200,9700038,0,http://likms.assembly.go.kr/bill/billDetail.do?billId=PRC_D2Z1W0C3P2O3C1D7Z4X3J4N8X1T8P1,http://likms.assembly.go.kr/bill/billDetail.do?billId=PRC_D2Z1W0C3P2O3C1D7Z4X3J4N8X1T8P1,386,4,21,TP066860
204,전봉민,田奉珉,국민의힘,부산 수영구,2100000000233,101210,020036,20210429 213818,2109807,근로기준법 일부개정법률안(대안),PRC_D2Z1W0C3P2O3C1D7Z4X3J4N8X1T8P1,근로기준법,환경노동위원회,불참,9771139,9700038,0,http://likms.assembly.go.kr/bill/billDetail.do?billId=PRC_D2Z1W0C3P2O3C1D7Z4X3J4N8X1T8P1,http://likms.assembly.go.kr/bill/billDetail.do?billId=PRC_D2Z1W0C3P2O3C1D7Z4X3J4N8X1T8P1,386,4,21,DPZ7685X
205,박형수,朴亨修,국민의힘,경북 영주시영양군봉화군울진군,2100000000108,101210,210039,20210429 213818,2109807,근로기준법 일부개정법률안(대안),PRC_D2Z1W0C3P2O3C1D7Z4X3J4N8X1T8P1,근로기준법,환경노동위원회,찬성,9771226,9700038,0,http://likms.assembly.go.kr/bill/billDetail.do?billId=PRC_D2Z1W0C3P2O3C1D7Z4X3J4N8X1T8P1,http://likms.assembly.go.kr/bill/billDetail.do?billId=PRC_D2Z1W0C3P2O3C1D7Z4X3J4N8X1T8P1,386,4,21,6U243644
206,권명호,權明浩,국민의힘,울산 동구,2100000000016,101210,070005,20210429 213818,2109807,근로기준법 일부개정법률안(대안),PRC_D2Z1W0C3P2O3C1D7Z4X3J4N8X1T8P1,근로기준법,환경노동위원회,찬성,9771165,9700038,0,http://likms.assembly.go.kr/bill/billDetail.do?billId=PRC_D2Z1W0C3P2O3C1D7Z4X3J4N8X1T8P1,http://likms.assembly.go.kr/bill/billDetail.do?billId=PRC_D2Z1W0C3P2O3C1D7Z4X3J4N8X1T8P1,386,4,21,E9R4507P
207,정태호,鄭泰浩,더불어민주당,서울 관악구을,2100000000250,101182,010063,20210429 213818,2109807,근로기준법 일부개정법률안(대안),PRC_D2Z1W0C3P2O3C1D7Z4X3J4N8X1T8P1,근로기준법,환경노동위원회,찬성,9771122,9700038,0,http://likms.assembly.go.kr/bill/billDetail.do?billId=PRC_D2Z1W0C3P2O3C1D7Z4X3J4N8X1T8P1,http://likms.assembly.go.kr/bill/billDetail.do?billId=PRC_D2Z1W0C3P2O3C1D7Z4X3J4N8X1T8P1,386,4,21,UHB5553T
208,황보승희,皇甫承希,무소속,부산 중구영도구,2100000000298,101030,020049,20210429 213818,2109807,근로기준법 일부개정법률안(대안),PRC_D2Z1W0C3P2O3C1D7Z4X3J4N8X1T8P1,근로기준법,환경노동위원회,찬성,9771130,9700038,0,http://likms.assembly.go.kr/bill/billDetail.do?billId=PRC_D2Z1W0C3P2O3C1D7Z4X3J4N8X1T8P1,http://likms.assembly.go.kr/bill/billDetail.do?billId=PRC_D2Z1W0C3P2O3C1D7Z4X3J4N8X1T8P1,386,4,21,J9S37905
209,천준호,千俊鎬,더불어민주당,서울 강북구갑,2100000000268,101182,010022,20210429 213818,2109807,근로기준법 일부개정법률안(대안),PRC_D2Z1W0C3P2O3C1D7Z4X3J4N8X1T8P1,근로기준법,환경노동위원회,찬성,9771112,9700038,0,http://likms.assembly.go.kr/bill/billDetail.do?billId=PRC_D2Z1W0C3P2O3C1D7Z4X3J4N8X1T8P1,http://likms.assembly.go.kr/bill/billDetail.do?billId=PRC_D2Z1W0C3P2O3C1D7Z4X3J4N8X1T8P1,386,4,21,A494529E
210,백종헌,白宗憲,국민의힘,부산 금정구,2100000000113,101210,020032,20210429 213818,2109807,근로기준법 일부개정법률안(대안),PRC_D2Z1W0C3P2O3C1D7Z4X3J4N8X1T8P1,근로기준법,환경노동위원회,불참,9771137,9700038,0,http://likms.assembly.go.kr/bill/billDetail.do?billId=PRC_D2Z1W0C3P2O3C1D7Z4X3J4N8X1T8P1,http://likms.assembly.go.kr/bill/billDetail.do?billId=PRC_D2Z1W0C3P2O3C1D7Z4X3J4N8X1T8P1,386,4,21,CAA7713A
211,서동용,徐東榕,더불어민주당,전남 순천시광양시곡성군구례군을,2100000000116,101182,210041,20210429 213818,2109807,근로기준법 일부개정법률안(대안),PRC_D2Z1W0C3P2O3C1D7Z4X3J4N8X1T8P1,근로기준법,환경노동위원회,찬성,9771218,9700038,0,http://likms.assembly.go.kr/bill/billDetail.do?billId=PRC_D2Z1W0C3P2O3C1D7Z4X3J4N8X1T8P1,http://likms.assembly.go.kr/bill/billDetail.do?billId=PRC_D2Z1W0C3P2O3C1D7Z4X3J4N8X1T8P1,386,4,21,0PK7354M
212,이정문,李楨文,더불어민주당,충남 천안시병,2100000000212,101182,120077,20210429 213818,2109807,근로기준법 일부개정법률안(대안),PRC_D2Z1W0C3P2O3C1D7Z4X3J4N8X1T8P1,근로기준법,환경노동위원회,찬성,9771205,9700038,0,http://likms.assembly.go.kr/bill/billDetail.do?billId=PRC_D2Z1W0C3P2O3C1D7Z4X3J4N8X1T8P1,http://likms.assembly.go.kr/bill/billDetail.do?billId=PRC_D2Z1W0C3P2O3C1D7Z4X3J4N8X1T8P1,386,4,21,O0I2045I
213,장제원,張濟元,국민의힘,부산 사상구,2100000000230,101210,020037,20210429 213818,2109807,근로기준법 일부개정법률안(대안),PRC_D2Z1W0C3P2O3C1D7Z4X3J4N8X1T8P1,근로기준법,환경노동위원회,불참,9770954,9700038,0,http://likms.assembly.go.kr/bill/billDetail.do?billId=PRC_D2Z1W0C3P2O3C1D7Z4X3J4N8X1T8P1,http://likms.assembly.go.kr/bill/billDetail.do?billId=PRC_D2Z1W0C3P2O3C1D7Z4X3J4N8X1T8P1,386,4,21,CZB4125D
214,조해진,曺海珍,국민의힘,경남 밀양시의령군함안군창녕군,2100000000262,101210,160126,20210429 213818,2109807,근로기준법 일부개정법률안(대안),PRC_D2Z1W0C3P2O3C1D7Z4X3J4N8X1T8P1,근로기준법,환경노동위원회,찬성,9771235,9700038,0,http://likms.assembly.go.kr/bill/billDetail.do?billId=PRC_D2Z1W0C3P2O3C1D7Z4X3J4N8X1T8P1,http://likms.assembly.go.kr/bill/billDetail.do?billId=PRC_D2Z1W0C3P2O3C1D7Z4X3J4N8X1T8P1,386,4,21,Z6R3959C
215,이달곤,李達坤,국민의힘,경남 창원시진해구,2100000000187,101210,160121,20210429 213818,2109807,근로기준법 일부개정법률안(대안),PRC_D2Z1W0C3P2O3C1D7Z4X3J4N8X1T8P1,근로기준법,환경노동위원회,찬성,9771232,9700038,0,http://likms.assembly.go.kr/bill/billDetail.do?billId=PRC_D2Z1W0C3P2O3C1D7Z4X3J4N8X1T8P1,http://likms.assembly.go.kr/bill/billDetail.do?billId=PRC_D2Z1W0C3P2O3C1D7Z4X3J4N8X1T8P1,386,4,21,QUM8288K
216,박홍근,朴洪根,더불어민주당,서울 중랑구을,2100000000109,101182,010017,20210429 213818,2109807,근로기준법 일부개정법률안(대안),PRC_D2Z1W0C3P2O3C1D7Z4X3J4N8X1T8P1,근로기준법,환경노동위원회,찬성,9770779,9700038,0,http://likms.assembly.go.kr/bill/billDetail.do?billId=PRC_D2Z1W0C3P2O3C1D7Z4X3J4N8X1T8P1,http://likms.assembly.go.kr/bill/billDetail.do?billId=PRC_D2Z1W0C3P2O3C1D7Z4X3J4N8X1T8P1,386,4,21,S824682L
217,박대출,朴大出,국민의힘,경남 진주시갑,2100000000090,101210,160007,20210429 213818,2109807,근로기준법 일부개정법률안(대안),PRC_D2Z1W0C3P2O3C1D7Z4X3J4N8X1T8P1,근로기준법,환경노동위원회,기권,9770767,9700038,0,http://likms.assembly.go.kr/bill/billDetail.do?billId=PRC_D2Z1W0C3P2O3C1D7Z4X3J4N8X1T8P1,http://likms.assembly.go.kr/bill/billDetail.do?billId=PRC_D2Z1W0C3P2O3C1D7Z4X3J4N8X1T8P1,386,4,21,W4X85128
218,이상직,李相稷,무소속,전북 전주시을,2100000000193,101030,130034,20210429 213818,2109807,근로기준법 일부개정법률안(대안),PRC_D2Z1W0C3P2O3C1D7Z4X3J4N8X1T8P1,근로기준법,환경노동위원회,불참,9771207,9700038,0,http://likms.assembly.go.kr/bill/billDetail.do?billId=PRC_D2Z1W0C3P2O3C1D7Z4X3J4N8X1T8P1,http://likms.assembly.go.kr/bill/billDetail.do?billId=PRC_D2Z1W0C3P2O3C1D7Z4X3J4N8X1T8P1,386,4,21,CFE3998F
219,김윤덕,金潤德,더불어민주당,전북 전주시갑,2100000000059,101182,130033,20210429 213818,2109807,근로기준법 일부개정법률안(대안),PRC_D2Z1W0C3P2O3C1D7Z4X3J4N8X1T8P1,근로기준법,환경노동위원회,찬성,9771206,9700038,0,http://likms.assembly.go.kr/bill/billDetail.do?billId=PRC_D2Z1W0C3P2O3C1D7Z4X3J4N8X1T8P1,http://likms.assembly.go.kr/bill/billDetail.do?billId=PRC_D2Z1W0C3P2O3C1D7Z4X3J4N8X1T8P1,386,4,21,JZY9937U
220,유의동,兪義東,국민의힘,경기 평택시을,2100000000164,101210,080033,20210429 213818,2109807,근로기준법 일부개정법률안(대안),PRC_D2Z1W0C3P2O3C1D7Z4X3J4N8X1T8P1,근로기준법,환경노동위원회,찬성,9770912,9700038,0,http://likms.assembly.go.kr/bill/billDetail.do?billId=PRC_D2Z1W0C3P2O3C1D7Z4X3J4N8X1T8P1,http://likms.assembly.go.kr/bill/billDetail.do?billId=PRC_D2Z1W0C3P2O3C1D7Z4X3J4N8X1T8P1,386,4,21,MRK4871S
221,권은희,權垠希,국민의힘,비례대표,2100000000019,101210,240001,20210429 213818,2109807,근로기준법 일부개정법률안(대안),PRC_D2Z1W0C3P2O3C1D7Z4X3J4N8X1T8P1,근로기준법,환경노동위원회,불참,9770977,9700038,0,http://likms.assembly.go.kr/bill/billDetail.do?billId=PRC_D2Z1W0C3P2O3C1D7Z4X3J4N8X1T8P1,http://likms.assembly.go.kr/bill/billDetail.do?billId=PRC_D2Z1W0C3P2O3C1D7Z4X3J4N8X1T8P1,386,4,21,YKW37422
222,신정훈,辛正勳,더불어민주당,전남 나주시화순군,2100000000138,101182,140007,20210429 213818,2109807,근로기준법 일부개정법률안(대안),PRC_D2Z1W0C3P2O3C1D7Z4X3J4N8X1T8P1,근로기준법,환경노동위원회,찬성,9771219,9700038,0,http://likms.assembly.go.kr/bill/billDetail.do?billId=PRC_D2Z1W0C3P2O3C1D7Z4X3J4N8X1T8P1,http://likms.assembly.go.kr/bill/billDetail.do?billId=PRC_D2Z1W0C3P2O3C1D7Z4X3J4N8X1T8P1,386,4,21,M7O7878U
223,조수진,趙修眞,국민의힘,비례대표,2100000000255,101210,240001,20210429 213818,2109807,근로기준법 일부개정법률안(대안),PRC_D2Z1W0C3P2O3C1D7Z4X3J4N8X1T8P1,근로기준법,환경노동위원회,기권,9771243,9700038,0,http://likms.assembly.go.kr/bill/billDetail.do?billId=PRC_D2Z1W0C3P2O3C1D7Z4X3J4N8X1T8P1,http://likms.assembly.go.kr/bill/billDetail.do?billId=PRC_D2Z1W0C3P2O3C1D7Z4X3J4N8X1T8P1,386,4,21,YLS4431M
224,강선우,姜仙祐,더불어민주당,서울 강서구갑,2100000000007,101182,010046,20210429 213818,2109807,근로기준법 일부개정법률안(대안),PRC_D2Z1W0C3P2O3C1D7Z4X3J4N8X1T8P1,근로기준법,환경노동위원회,불참,9771116,9700038,0,http://likms.assembly.go.kr/bill/billDetail.do?billId=PRC_D2Z1W0C3P2O3C1D7Z4X3J4N8X1T8P1,http://likms.assembly.go.kr/bill/billDetail.do?billId=PRC_D2Z1W0C3P2O3C1D7Z4X3J4N8X1T8P1,386,4,21,MNZ4401T
225,이인영,李仁榮,더불어민주당,서울 구로구갑,2100000000209,101182,010050,20210429 213818,2109807,근로기준법 일부개정법률안(대안),PRC_D2Z1W0C3P2O3C1D7Z4X3J4N8X1T8P1,근로기준법,환경노동위원회,불참,9770878,9700038,0,http://likms.assembly.go.kr/bill/billDetail.do?billId=PRC_D2Z1W0C3P2O3C1D7Z4X3J4N8X1T8P1,http://likms.assembly.go.kr/bill/billDetail.do?billId=PRC_D2Z1W0C3P2O3C1D7Z4X3J4N8X1T8P1,386,4,21,3ZR4438W
226,백혜련,白惠蓮,더불어민주당,경기 수원시을,2100000000114,101182,080154,20210429 213818,2109807,근로기준법 일부개정법률안(대안),PRC_D2Z1W0C3P2O3C1D7Z4X3J4N8X1T8P1,근로기준법,환경노동위원회,찬성,9770980,9700038,0,http://likms.assembly.go.kr/bill/billDetail.do?billId=PRC_D2Z1W0C3P2O3C1D7Z4X3J4N8X1T8P1,http://likms.assembly.go.kr/bill/billDetail.do?billId=PRC_D2Z1W0C3P2O3C1D7Z4X3J4N8X1T8P1,386,4,21,HSS7466Y
227,이원욱,李元旭,무소속,경기 화성시을,2100000000206,101030,080159,20210429 213818,2109807,근로기준법 일부개정법률안(대안),PRC_D2Z1W0C3P2O3C1D7Z4X3J4N8X1T8P1,근로기준법,환경노동위원회,찬성,9770826,9700038,0,http://likms.assembly.go.kr/bill/billDetail.do?billId=PRC_D2Z1W0C3P2O3C1D7Z4X3J4N8X1T8P1,http://likms.assembly.go.kr/bill/billDetail.do?billId=PRC_D2Z1W0C3P2O3C1D7Z4X3J4N8X1T8P1,386,4,21,16D7652C
228,김병욱,金炳旭,국민의힘,경북 포항시남구울릉군,2100000000036,101210,150003,20210429 213818,2109807,근로기준법 일부개정법률안(대안),PRC_D2Z1W0C3P2O3C1D7Z4X3J4N8X1T8P1,근로기준법,환경노동위원회,불참,9771285,9700038,0,http://likms.assembly.go.kr/bill/billDetail.do?billId=PRC_D2Z1W0C3P2O3C1D7Z4X3J4N8X1T8P1,http://likms.assembly.go.kr/bill/billDetail.do?billId=PRC_D2Z1W0C3P2O3C1D7Z4X3J4N8X1T8P1,386,4,21,KB04377U
229,허영,許榮,더불어민주당,강원 춘천시철원군화천군양구군갑,2100000000287,101182,210033,20210429 213818,2109807,근로기준법 일부개정법률안(대안),PRC_D2Z1W0C3P2O3C1D7Z4X3J4N8X1T8P1,근로기준법,환경노동위원회,찬성,9771196,9700038,0,http://likms.assembly.go.kr/bill/billDetail.do?billId=PRC_D2Z1W0C3P2O3C1D7Z4X3J4N8X1T8P1,http://likms.assembly.go.kr/bill/billDetail.do?billId=PRC_D2Z1W0C3P2O3C1D7Z4X3J4N8X1T8P1,386,4,21,FU53642G
230,김민석,金民錫,더불어민주당,서울 영등포구을,2100000000032,101182,010057,20210429 213818,2109807,근로기준법 일부개정법률안(대안),PRC_D2Z1W0C3P2O3C1D7Z4X3J4N8X1T8P1,근로기준법,환경노동위원회,찬성,9771120,9700038,0,http://likms.assembly.go.kr/bill/billDetail.do?billId=PRC_D2Z1W0C3P2O3C1D7Z4X3J4N8X1T8P1,http://likms.assembly.go.kr/bill/billDetail.do?billId=PRC_D2Z1W0C3P2O3C1D7Z4X3J4N8X1T8P1,386,4,21,MLH1404S
231,류성걸,柳性杰,국민의힘,대구 동구갑,2100000000080,101210,030004,20210429 213818,2109807,근로기준법 일부개정법률안(대안),PRC_D2Z1W0C3P2O3C1D7Z4X3J4N8X1T8P1,근로기준법,환경노동위원회,기권,9771141,9700038,0,http://likms.assembly.go.kr/bill/billDetail.do?billId=PRC_D2Z1W0C3P2O3C1D7Z4X3J4N8X1T8P1,http://likms.assembly.go.kr/bill/billDetail.do?billId=PRC_D2Z1W0C3P2O3C1D7Z4X3J4N8X1T8P1,386,4,21,8VY63414
232,배준영,裵俊英,국민의힘,인천 중구강화군옹진군,2100000000110,101210,210024,20210429 213818,2109807,근로기준법 일부개정법률안(대안),PRC_D2Z1W0C3P2O3C1D7Z4X3J4N8X1T8P1,근로기준법,환경노동위원회,불참,9771148,9700038,0,http://likms.assembly.go.kr/bill/billDetail.do?billId=PRC_D2Z1W0C3P2O3C1D7Z4X3J4N8X1T8P1,http://likms.assembly.go.kr/bill/billDetail.do?billId=PRC_D2Z1W0C3P2O3C1D7Z4X3J4N8X1T8P1,386,4,21,QQP4727N
233,윤희숙,尹喜淑,국민의힘,서울 서초구갑,2100000000182,101210,010065,20210429 213818,2109807,근로기준법 일부개정법률안(대안),PRC_D2Z1W0C3P2O3C1D7Z4X3J4N8X1T8P1,근로기준법,환경노동위원회,찬성,9771123,9700038,0,http://likms.assembly.go.kr/bill/billDetail.do?billId=PRC_D2Z1W0C3P2O3C1D7Z4X3J4N8X1T8P1,http://likms.assembly.go.kr/bill/billDetail.do?billId=PRC_D2Z1W0C3P2O3C1D7Z4X3J4N8X1T8P1,386,4,21,IUL4848V
234,김형동,金亨東,국민의힘,경북 안동시예천군,2100000000072,101210,210038,20210429 213818,2109807,근로기준법 일부개정법률안(대안),PRC_D2Z1W0C3P2O3C1D7Z4X3J4N8X1T8P1,근로기준법,환경노동위원회,찬성,9771223,9700038,0,http://likms.assembly.go.kr/bill/billDetail.do?billId=PRC_D2Z1W0C3P2O3C1D7Z4X3J4N8X1T8P1,http://likms.assembly.go.kr/bill/billDetail.do?billId=PRC_D2Z1W0C3P2O3C1D7Z4X3J4N8X1T8P1,386,4,21,JEZ3130Q
235,한준호,韓俊鎬,더불어민주당,경기 고양시을,2100000000286,101182,080178,20210429 213818,2109807,근로기준법 일부개정법률안(대안),PRC_D2Z1W0C3P2O3C1D7Z4X3J4N8X1T8P1,근로기준법,환경노동위원회,찬성,9771182,9700038,0,http://likms.assembly.go.kr/bill/billDetail.do?billId=PRC_D2Z1W0C3P2O3C1D7Z4X3J4N8X1T8P1,http://likms.assembly.go.kr/bill/billDetail.do?billId=PRC_D2Z1W0C3P2O3C1D7Z4X3J4N8X1T8P1,386,4,21,BCQ55105
236,유경준,兪京濬,국민의힘,서울 강남구병,2100000000160,101210,010098,20210429 213818,2109807,근로기준법 일부개정법률안(대안),PRC_D2Z1W0C3P2O3C1D7Z4X3J4N8X1T8P1,근로기준법,환경노동위원회,찬성,9771126,9700038,0,http://likms.assembly.go.kr/bill/billDetail.do?billId=PRC_D2Z1W0C3P2O3C1D7Z4X3J4N8X1T8P1,http://likms.assembly.go.kr/bill/billDetail.do?billId=PRC_D2Z1W0C3P2O3C1D7Z4X3J4N8X1T8P1,386,4,21,9L57027L
237,이용,李鏞,국민의힘,비례대표,2100000000201,101210,240001,20210429 213818,2109807,근로기준법 일부개정법률안(대안),PRC_D2Z1W0C3P2O3C1D7Z4X3J4N8X1T8P1,근로기준법,환경노동위원회,찬성,9771255,9700038,0,http://likms.assembly.go.kr/bill/billDetail.do?billId=PRC_D2Z1W0C3P2O3C1D7Z4X3J4N8X1T8P1,http://likms.assembly.go.kr/bill/billDetail.do?billId=PRC_D2Z1W0C3P2O3C1D7Z4X3J4N8X1T8P1,386,4,21,5UN9725L
238,박광온,朴洸瑥,더불어민주당,경기 수원시정,2100000000088,101182,080173,20210429 213818,2109807,근로기준법 일부개정법률안(대안),PRC_D2Z1W0C3P2O3C1D7Z4X3J4N8X1T8P1,근로기준법,환경노동위원회,찬성,9770911,9700038,0,http://likms.assembly.go.kr/bill/billDetail.do?billId=PRC_D2Z1W0C3P2O3C1D7Z4X3J4N8X1T8P1,http://likms.assembly.go.kr/bill/billDetail.do?billId=PRC_D2Z1W0C3P2O3C1D7Z4X3J4N8X1T8P1,386,4,21,K3W33496
239,김종민,金鐘民,무소속,충남 논산시계룡시금산군,2100000000063,101030,120012,20210429 213818,2109807,근로기준법 일부개정법률안(대안),PRC_D2Z1W0C3P2O3C1D7Z4X3J4N8X1T8P1,근로기준법,환경노동위원회,찬성,9771009,9700038,0,http://likms.assembly.go.kr/bill/billDetail.do?billId=PRC_D2Z1W0C3P2O3C1D7Z4X3J4N8X1T8P1,http://likms.assembly.go.kr/bill/billDetail.do?billId=PRC_D2Z1W0C3P2O3C1D7Z4X3J4N8X1T8P1,386,4,21,M2Q9024I
240,이용호,李容鎬,국민의힘,전북 남원시임실군순창군,2100000000205,101210,130072,20210429 213818,2109807,근로기준법 일부개정법률안(대안),PRC_D2Z1W0C3P2O3C1D7Z4X3J4N8X1T8P1,근로기준법,환경노동위원회,찬성,9771015,9700038,0,http://likms.assembly.go.kr/bill/billDetail.do?billId=PRC_D2Z1W0C3P2O3C1D7Z4X3J4N8X1T8P1,http://likms.assembly.go.kr/bill/billDetail.do?billId=PRC_D2Z1W0C3P2O3C1D7Z4X3J4N8X1T8P1,386,4,21,DBA1057Z
241,권칠승,權七勝,더불어민주당,경기 화성시병,2100000000021,101182,080187,20210429 213818,2109807,근로기준법 일부개정법률안(대안),PRC_D2Z1W0C3P2O3C1D7Z4X3J4N8X1T8P1,근로기준법,환경노동위원회,불참,9770998,9700038,0,http://likms.assembly.go.kr/bill/billDetail.do?billId=PRC_D2Z1W0C3P2O3C1D7Z4X3J4N8X1T8P1,http://likms.assembly.go.kr/bill/billDetail.do?billId=PRC_D2Z1W0C3P2O3C1D7Z4X3J4N8X1T8P1,386,4,21,C7E79345
242,박정,朴釘,더불어민주당,경기 파주시을,2100000000104,101182,080170,20210429 213818,2109807,근로기준법 일부개정법률안(대안),PRC_D2Z1W0C3P2O3C1D7Z4X3J4N8X1T8P1,근로기준법,환경노동위원회,찬성,9770995,9700038,0,http://likms.assembly.go.kr/bill/billDetail.do?billId=PRC_D2Z1W0C3P2O3C1D7Z4X3J4N8X1T8P1,http://likms.assembly.go.kr/bill/billDetail.do?billId=PRC_D2Z1W0C3P2O3C1D7Z4X3J4N8X1T8P1,386,4,21,4019850M
243,이재정,李在汀,더불어민주당,경기 안양시동안구을,2100000000211,101182,080020,20210429 213818,2109807,근로기준법 일부개정법률안(대안),PRC_D2Z1W0C3P2O3C1D7Z4X3J4N8X1T8P1,근로기준법,환경노동위원회,찬성,9771060,9700038,0,http://likms.assembly.go.kr/bill/billDetail.do?billId=PRC_D2Z1W0C3P2O3C1D7Z4X3J4N8X1T8P1,http://likms.assembly.go.kr/bill/billDetail.do?billId=PRC_D2Z1W0C3P2O3C1D7Z4X3J4N8X1T8P1,386,4,21,UQ282145
244,전재수,田載秀,더불어민주당,부산 북구강서구갑,2100000000235,101182,020013,20210429 213818,2109807,근로기준법 일부개정법률안(대안),PRC_D2Z1W0C3P2O3C1D7Z4X3J4N8X1T8P1,근로기준법,환경노동위원회,찬성,9770951,9700038,0,http://likms.assembly.go.kr/bill/billDetail.do?billId=PRC_D2Z1W0C3P2O3C1D7Z4X3J4N8X1T8P1,http://likms.assembly.go.kr/bill/billDetail.do?billId=PRC_D2Z1W0C3P2O3C1D7Z4X3J4N8X1T8P1,386,4,21,9YO73104
245,강훈식,姜勳植,더불어민주당,충남 아산시을,2100000000010,101182,120075,20210429 213818,2109807,근로기준법 일부개정법률안(대안),PRC_D2Z1W0C3P2O3C1D7Z4X3J4N8X1T8P1,근로기준법,환경노동위원회,찬성,9771007,9700038,0,http://likms.assembly.go.kr/bill/billDetail.do?billId=PRC_D2Z1W0C3P2O3C1D7Z4X3J4N8X1T8P1,http://likms.assembly.go.kr/bill/billDetail.do?billId=PRC_D2Z1W0C3P2O3C1D7Z4X3J4N8X1T8P1,386,4,21,TRE2429O
246,임종성,林鍾聲,더불어민주당,경기 광주시을,2100000000227,101182,080179,20210429 213818,2109807,근로기준법 일부개정법률안(대안),PRC_D2Z1W0C3P2O3C1D7Z4X3J4N8X1T8P1,근로기준법,환경노동위원회,찬성,9771000,9700038,0,http://likms.assembly.go.kr/bill/billDetail.do?billId=PRC_D2Z1W0C3P2O3C1D7Z4X3J4N8X1T8P1,http://likms.assembly.go.kr/bill/billDetail.do?billId=PRC_D2Z1W0C3P2O3C1D7Z4X3J4N8X1T8P1,386,4,21,E6U4345C
247,김영호,金映豪,더불어민주당,서울 서대문구을,2100000000053,101182,010037,20210429 213818,2109807,근로기준법 일부개정법률안(대안),PRC_D2Z1W0C3P2O3C1D7Z4X3J4N8X1T8P1,근로기준법,환경노동위원회,찬성,9770934,9700038,0,http://likms.assembly.go.kr/bill/billDetail.do?billId=PRC_D2Z1W0C3P2O3C1D7Z4X3J4N8X1T8P1,http://likms.assembly.go.kr/bill/billDetail.do?billId=PRC_D2Z1W0C3P2O3C1D7Z4X3J4N8X1T8P1,386,4,21,7BM2933Y
248,조응천,趙應天,무소속,경기 남양주시갑,2100000000258,101030,080053,20210429 213818,2109807,근로기준법 일부개정법률안(대안),PRC_D2Z1W0C3P2O3C1D7Z4X3J4N8X1T8P1,근로기준법,환경노동위원회,찬성,9770990,9700038,0,http://likms.assembly.go.kr/bill/billDetail.do?billId=PRC_D2Z1W0C3P2O3C1D7Z4X3J4N8X1T8P1,http://likms.assembly.go.kr/bill/billDetail.do?billId=PRC_D2Z1W0C3P2O3C1D7Z4X3J4N8X1T8P1,386,4,21,CDL93608
249,윤영석,尹永碩,국민의힘,경남 양산시갑,2100000000172,101210,160127,20210429 213818,2109807,근로기준법 일부개정법률안(대안),PRC_D2Z1W0C3P2O3C1D7Z4X3J4N8X1T8P1,근로기준법,환경노동위원회,불참,9770811,9700038,0,http://likms.assembly.go.kr/bill/billDetail.do?billId=PRC_D2Z1W0C3P2O3C1D7Z4X3J4N8X1T8P1,http://likms.assembly.go.kr/bill/billDetail.do?billId=PRC_D2Z1W0C3P2O3C1D7Z4X3J4N8X1T8P1,386,4,21,9VR65006
250,홍기원,洪起元,더불어민주당,경기 평택시갑,2100000000290,101182,080031,20210429 213818,2109807,근로기준법 일부개정법률안(대안),PRC_D2Z1W0C3P2O3C1D7Z4X3J4N8X1T8P1,근로기준법,환경노동위원회,찬성,9771179,9700038,0,http://likms.assembly.go.kr/bill/billDetail.do?billId=PRC_D2Z1W0C3P2O3C1D7Z4X3J4N8X1T8P1,http://likms.assembly.go.kr/bill/billDetail.do?billId=PRC_D2Z1W0C3P2O3C1D7Z4X3J4N8X1T8P1,386,4,21,5MD4184K
251,김기현,金起炫,국민의힘,울산 남구을,2100000000026,101210,070004,20210429 213818,2109807,근로기준법 일부개정법률안(대안),PRC_D2Z1W0C3P2O3C1D7Z4X3J4N8X1T8P1,근로기준법,환경노동위원회,불참,9771164,9700038,0,http://likms.assembly.go.kr/bill/billDetail.do?billId=PRC_D2Z1W0C3P2O3C1D7Z4X3J4N8X1T8P1,http://likms.assembly.go.kr/bill/billDetail.do?billId=PRC_D2Z1W0C3P2O3C1D7Z4X3J4N8X1T8P1,386,4,21,X7I4680R
252,홍석준,洪碩晙,국민의힘,대구 달서구갑,2100000000292,101210,030018,20210429 213818,2109807,근로기준법 일부개정법률안(대안),PRC_D2Z1W0C3P2O3C1D7Z4X3J4N8X1T8P1,근로기준법,환경노동위원회,기권,9771146,9700038,0,http://likms.assembly.go.kr/bill/billDetail.do?billId=PRC_D2Z1W0C3P2O3C1D7Z4X3J4N8X1T8P1,http://likms.assembly.go.kr/bill/billDetail.do?billId=PRC_D2Z1W0C3P2O3C1D7Z4X3J4N8X1T8P1,386,4,21,EMC8812P
253,태영호,太永浩,국민의힘,서울 강남구갑,2100000000279,101210,010068,20210429 213818,2109807,근로기준법 일부개정법률안(대안),PRC_D2Z1W0C3P2O3C1D7Z4X3J4N8X1T8P1,근로기준법,환경노동위원회,기권,9771286,9700038,0,http://likms.assembly.go.kr/bill/billDetail.do?billId=PRC_D2Z1W0C3P2O3C1D7Z4X3J4N8X1T8P1,http://likms.assembly.go.kr/bill/billDetail.do?billId=PRC_D2Z1W0C3P2O3C1D7Z4X3J4N8X1T8P1,386,4,21,XJC13432
254,박완수,朴完洙,국민의힘,경남 창원시의창구,2100000000100,101210,160122,20210429 213818,2109807,근로기준법 일부개정법률안(대안),PRC_D2Z1W0C3P2O3C1D7Z4X3J4N8X1T8P1,근로기준법,환경노동위원회,찬성,9771030,9700038,0,http://likms.assembly.go.kr/bill/billDetail.do?billId=PRC_D2Z1W0C3P2O3C1D7Z4X3J4N8X1T8P1,http://likms.assembly.go.kr/bill/billDetail.do?billId=PRC_D2Z1W0C3P2O3C1D7Z4X3J4N8X1T8P1,386,4,21,D0C85236
255,김성환,金星煥,더불어민주당,서울 노원구병,2100000000044,101182,010030,20210429 213818,2109807,근로기준법 일부개정법률안(대안),PRC_D2Z1W0C3P2O3C1D7Z4X3J4N8X1T8P1,근로기준법,환경노동위원회,찬성,9771089,9700038,0,http://likms.assembly.go.kr/bill/billDetail.do?billId=PRC_D2Z1W0C3P2O3C1D7Z4X3J4N8X1T8P1,http://likms.assembly.go.kr/bill/billDetail.do?billId=PRC_D2Z1W0C3P2O3C1D7Z4X3J4N8X1T8P1,386,4,21,XSP20229
256,이주환,李周桓,국민의힘,부산 연제구,2100000000215,101210,020033,20210429 213818,2109807,근로기준법 일부개정법률안(대안),PRC_D2Z1W0C3P2O3C1D7Z4X3J4N8X1T8P1,근로기준법,환경노동위원회,찬성,9771138,9700038,0,http://likms.assembly.go.kr/bill/billDetail.do?billId=PRC_D2Z1W0C3P2O3C1D7Z4X3J4N8X1T8P1,http://likms.assembly.go.kr/bill/billDetail.do?billId=PRC_D2Z1W0C3P2O3C1D7Z4X3J4N8X1T8P1,386,4,21,3RW63706
257,위성곤,魏聖坤,더불어민주당,제주 서귀포시,2100000000159,101182,170013,20210429 213818,2109807,근로기준법 일부개정법률안(대안),PRC_D2Z1W0C3P2O3C1D7Z4X3J4N8X1T8P1,근로기준법,환경노동위원회,찬성,9771038,9700038,0,http://likms.assembly.go.kr/bill/billDetail.do?billId=PRC_D2Z1W0C3P2O3C1D7Z4X3J4N8X1T8P1,http://likms.assembly.go.kr/bill/billDetail.do?billId=PRC_D2Z1W0C3P2O3C1D7Z4X3J4N8X1T8P1,386,4,21,RQQ3807K
258,임호선,林昊宣,더불어민주당,충북 증평군진천군음성군,2100000000228,101182,110040,20210429 213818,2109807,근로기준법 일부개정법률안(대안),PRC_D2Z1W0C3P2O3C1D7Z4X3J4N8X1T8P1,근로기준법,환경노동위원회,찬성,9771203,9700038,0,http://likms.assembly.go.kr/bill/billDetail.do?billId=PRC_D2Z1W0C3P2O3C1D7Z4X3J4N8X1T8P1,http://likms.assembly.go.kr/bill/billDetail.do?billId=PRC_D2Z1W0C3P2O3C1D7Z4X3J4N8X1T8P1,386,4,21,FH777496
259,조승래,趙承來,더불어민주당,대전 유성구갑,2100000000256,101182,060014,20210429 213818,2109807,근로기준법 일부개정법률안(대안),PRC_D2Z1W0C3P2O3C1D7Z4X3J4N8X1T8P1,근로기준법,환경노동위원회,불참,9770973,9700038,0,http://likms.assembly.go.kr/bill/billDetail.do?billId=PRC_D2Z1W0C3P2O3C1D7Z4X3J4N8X1T8P1,http://likms.assembly.go.kr/bill/billDetail.do?billId=PRC_D2Z1W0C3P2O3C1D7Z4X3J4N8X1T8P1,386,4,21,FYI20317
260,윤한홍,尹漢洪,국민의힘,경남 창원시마산회원구,2100000000179,101210,160120,20210429 213818,2109807,근로기준법 일부개정법률안(대안),PRC_D2Z1W0C3P2O3C1D7Z4X3J4N8X1T8P1,근로기준법,환경노동위원회,불참,9771032,9700038,0,http://likms.assembly.go.kr/bill/billDetail.do?billId=PRC_D2Z1W0C3P2O3C1D7Z4X3J4N8X1T8P1,http://likms.assembly.go.kr/bill/billDetail.do?billId=PRC_D2Z1W0C3P2O3C1D7Z4X3J4N8X1T8P1,386,4,21,8X15119P
261,김석기,金碩基,국민의힘,경북 경주시,2100000000040,101210,150005,20210429 213818,2109807,근로기준법 일부개정법률안(대안),PRC_D2Z1W0C3P2O3C1D7Z4X3J4N8X1T8P1,근로기준법,환경노동위원회,불참,9771024,9700038,0,http://likms.assembly.go.kr/bill/billDetail.do?billId=PRC_D2Z1W0C3P2O3C1D7Z4X3J4N8X1T8P1,http://likms.assembly.go.kr/bill/billDetail.do?billId=PRC_D2Z1W0C3P2O3C1D7Z4X3J4N8X1T8P1,386,4,21,ZYP7962W
262,송석준,宋錫俊,국민의힘,경기 이천시,2100000000130,101210,080171,20210429 213818,2109807,근로기준법 일부개정법률안(대안),PRC_D2Z1W0C3P2O3C1D7Z4X3J4N8X1T8P1,근로기준법,환경노동위원회,찬성,9770996,9700038,0,http://likms.assembly.go.kr/bill/billDetail.do?billId=PRC_D2Z1W0C3P2O3C1D7Z4X3J4N8X1T8P1,http://likms.assembly.go.kr/bill/billDetail.do?billId=PRC_D2Z1W0C3P2O3C1D7Z4X3J4N8X1T8P1,386,4,21,CNW5754J
263,송옥주,宋玉珠,더불어민주당,경기 화성시갑,2100000000133,101182,080157,20210429 213818,2109807,근로기준법 일부개정법률안(대안),PRC_D2Z1W0C3P2O3C1D7Z4X3J4N8X1T8P1,근로기준법,환경노동위원회,찬성,9771058,9700038,0,http://likms.assembly.go.kr/bill/billDetail.do?billId=PRC_D2Z1W0C3P2O3C1D7Z4X3J4N8X1T8P1,http://likms.assembly.go.kr/bill/billDetail.do?billId=PRC_D2Z1W0C3P2O3C1D7Z4X3J4N8X1T8P1,386,4,21,3249208I
264,유동수,柳東秀,더불어민주당,인천 계양구갑,2100000000162,101182,040015,20210429 213818,2109807,근로기준법 일부개정법률안(대안),PRC_D2Z1W0C3P2O3C1D7Z4X3J4N8X1T8P1,근로기준법,환경노동위원회,찬성,9770966,9700038,0,http://likms.assembly.go.kr/bill/billDetail.do?billId=PRC_D2Z1W0C3P2O3C1D7Z4X3J4N8X1T8P1,http://likms.assembly.go.kr/bill/billDetail.do?billId=PRC_D2Z1W0C3P2O3C1D7Z4X3J4N8X1T8P1,386,4,21,GX38539O
265,김병기,金炳基,더불어민주당,서울 동작구갑,2100000000034,101182,010059,20210429 213818,2109807,근로기준법 일부개정법률안(대안),PRC_D2Z1W0C3P2O3C1D7Z4X3J4N8X1T8P1,근로기준법,환경노동위원회,찬성,9770941,9700038,0,http://likms.assembly.go.kr/bill/billDetail.do?billId=PRC_D2Z1W0C3P2O3C1D7Z4X3J4N8X1T8P1,http://likms.assembly.go.kr/bill/billDetail.do?billId=PRC_D2Z1W0C3P2O3C1D7Z4X3J4N8X1T8P1,386,4,21,8Q88373R
266,안호영,安浩永,더불어민주당,전북 완주군진안군무주군장수군,2100000000144,101182,130073,20210429 213818,2109807,근로기준법 일부개정법률안(대안),PRC_D2Z1W0C3P2O3C1D7Z4X3J4N8X1T8P1,근로기준법,환경노동위원회,찬성,9771017,9700038,0,http://likms.assembly.go.kr/bill/billDetail.do?billId=PRC_D2Z1W0C3P2O3C1D7Z4X3J4N8X1T8P1,http://likms.assembly.go.kr/bill/billDetail.do?billId=PRC_D2Z1W0C3P2O3C1D7Z4X3J4N8X1T8P1,386,4,21,XEF29171
267,이상헌,李相憲,더불어민주당,울산 북구,2100000000194,101182,070007,20210429 213818,2109807,근로기준법 일부개정법률안(대안),PRC_D2Z1W0C3P2O3C1D7Z4X3J4N8X1T8P1,근로기준법,환경노동위원회,찬성,9771098,9700038,0,http://likms.assembly.go.kr/bill/billDetail.do?billId=PRC_D2Z1W0C3P2O3C1D7Z4X3J4N8X1T8P1,http://likms.assembly.go.kr/bill/billDetail.do?billId=PRC_D2Z1W0C3P2O3C1D7Z4X3J4N8X1T8P1,386,4,21,WVU2479T
268,김성원,金成願,국민의힘,경기 동두천시연천군,2100000000042,101210,080177,20210429 213818,2109807,근로기준법 일부개정법률안(대안),PRC_D2Z1W0C3P2O3C1D7Z4X3J4N8X1T8P1,근로기준법,환경노동위원회,기권,9770985,9700038,0,http://likms.assembly.go.kr/bill/billDetail.do?billId=PRC_D2Z1W0C3P2O3C1D7Z4X3J4N8X1T8P1,http://likms.assembly.go.kr/bill/billDetail.do?billId=PRC_D2Z1W0C3P2O3C1D7Z4X3J4N8X1T8P1,386,4,21,9D939735
269,이태규,李泰珪,국민의힘,비례대표,2100000000219,101210,240001,20210429 213818,2109807,근로기준법 일부개정법률안(대안),PRC_D2Z1W0C3P2O3C1D7Z4X3J4N8X1T8P1,근로기준법,환경노동위원회,찬성,9771280,9700038,0,http://likms.assembly.go.kr/bill/billDetail.do?billId=PRC_D2Z1W0C3P2O3C1D7Z4X3J4N8X1T8P1,http://likms.assembly.go.kr/bill/billDetail.do?billId=PRC_D2Z1W0C3P2O3C1D7Z4X3J4N8X1T8P1,386,4,21,QTW6852F
270,성일종,成一鍾,국민의힘,충남 서산시태안군,2100000000125,101210,120010,20210429 213818,2109807,근로기준법 일부개정법률안(대안),PRC_D2Z1W0C3P2O3C1D7Z4X3J4N8X1T8P1,근로기준법,환경노동위원회,찬성,9771008,9700038,0,http://likms.assembly.go.kr/bill/billDetail.do?billId=PRC_D2Z1W0C3P2O3C1D7Z4X3J4N8X1T8P1,http://likms.assembly.go.kr/bill/billDetail.do?billId=PRC_D2Z1W0C3P2O3C1D7Z4X3J4N8X1T8P1,386,4,21,7XY7109I
271,이원택,李源澤,더불어민주당,전북 김제시부안군,2100000000207,101182,130071,20210429 213818,2109807,근로기준법 일부개정법률안(대안),PRC_D2Z1W0C3P2O3C1D7Z4X3J4N8X1T8P1,근로기준법,환경노동위원회,찬성,9771213,9700038,0,http://likms.assembly.go.kr/bill/billDetail.do?billId=PRC_D2Z1W0C3P2O3C1D7Z4X3J4N8X1T8P1,http://likms.assembly.go.kr/bill/billDetail.do?billId=PRC_D2Z1W0C3P2O3C1D7Z4X3J4N8X1T8P1,386,4,21,DAV7257X
272,윤준병,尹準炳,더불어민주당,전북 정읍시고창군,2100000000177,101182,130075,20210429 213818,2109807,근로기준법 일부개정법률안(대안),PRC_D2Z1W0C3P2O3C1D7Z4X3J4N8X1T8P1,근로기준법,환경노동위원회,찬성,9771212,9700038,0,http://likms.assembly.go.kr/bill/billDetail.do?billId=PRC_D2Z1W0C3P2O3C1D7Z4X3J4N8X1T8P1,http://likms.assembly.go.kr/bill/billDetail.do?billId=PRC_D2Z1W0C3P2O3C1D7Z4X3J4N8X1T8P1,386,4,21,JC14718Q
273,정일영,鄭日永,더불어민주당,인천 연수구을,2100000000243,101182,040030,20210429 213818,2109807,근로기준법 일부개정법률안(대안),PRC_D2Z1W0C3P2O3C1D7Z4X3J4N8X1T8P1,근로기준법,환경노동위원회,찬성,9771150,9700038,0,http://likms.assembly.go.kr/bill/billDetail.do?billId=PRC_D2Z1W0C3P2O3C1D7Z4X3J4N8X1T8P1,http://likms.assembly.go.kr/bill/billDetail.do?billId=PRC_D2Z1W0C3P2O3C1D7Z4X3J4N8X1T8P1,386,4,21,LT72093S
274,용혜인,龍慧仁,기본소득당,비례대표,2100000000156,101208,240001,20210429 213818,2109807,근로기준법 일부개정법률안(대안),PRC_D2Z1W0C3P2O3C1D7Z4X3J4N8X1T8P1,근로기준법,환경노동위원회,찬성,9771261,9700038,0,http://likms.assembly.go.kr/bill/billDetail.do?billId=PRC_D2Z1W0C3P2O3C1D7Z4X3J4N8X1T8P1,http://likms.assembly.go.kr/bill/billDetail.do?billId=PRC_D2Z1W0C3P2O3C1D7Z4X3J4N8X1T8P1,386,4,21,GE71932C
275,김철민,金哲玟,더불어민주당,경기 안산시상록구을,2100000000067,101182,080038,20210429 213818,2109807,근로기준법 일부개정법률안(대안),PRC_D2Z1W0C3P2O3C1D7Z4X3J4N8X1T8P1,근로기준법,환경노동위원회,찬성,9770986,9700038,0,http://likms.assembly.go.kr/bill/billDetail.do?billId=PRC_D2Z1W0C3P2O3C1D7Z4X3J4N8X1T8P1,http://likms.assembly.go.kr/bill/billDetail.do?billId=PRC_D2Z1W0C3P2O3C1D7Z4X3J4N8X1T8P1,386,4,21,1MU99298
276,추경호,秋慶鎬,국민의힘,대구 달성군,2100000000278,101210,030031,20210429 213818,2109807,근로기준법 일부개정법률안(대안),PRC_D2Z1W0C3P2O3C1D7Z4X3J4N8X1T8P1,근로기준법,환경노동위원회,기권,9770962,9700038,0,http://likms.assembly.go.kr/bill/billDetail.do?billId=PRC_D2Z1W0C3P2O3C1D7Z4X3J4N8X1T8P1,http://likms.assembly.go.kr/bill/billDetail.do?billId=PRC_D2Z1W0C3P2O3C1D7Z4X3J4N8X1T8P1,386,4,21,G152611B
277,이개호,李介昊,더불어민주당,전남 담양군함평군영광군장성군,2100000000183,101182,140108,20210429 213818,2109807,근로기준법 일부개정법률안(대안),PRC_D2Z1W0C3P2O3C1D7Z4X3J4N8X1T8P1,근로기준법,환경노동위원회,찬성,9770905,9700038,0,http://likms.assembly.go.kr/bill/billDetail.do?billId=PRC_D2Z1W0C3P2O3C1D7Z4X3J4N8X1T8P1,http://likms.assembly.go.kr/bill/billDetail.do?billId=PRC_D2Z1W0C3P2O3C1D7Z4X3J4N8X1T8P1,386,4,21,I7R13867
278,송기헌,宋基憲,더불어민주당,강원 원주시을,2100000000129,101182,100019,20210429 213818,2109807,근로기준법 일부개정법률안(대안),PRC_D2Z1W0C3P2O3C1D7Z4X3J4N8X1T8P1,근로기준법,환경노동위원회,찬성,9771001,9700038,0,http://likms.assembly.go.kr/bill/billDetail.do?billId=PRC_D2Z1W0C3P2O3C1D7Z4X3J4N8X1T8P1,http://likms.assembly.go.kr/bill/billDetail.do?billId=PRC_D2Z1W0C3P2O3C1D7Z4X3J4N8X1T8P1,386,4,21,SQ36001H
279,신동근,申東根,더불어민주당,인천 서구을,2100000000135,101182,040029,20210429 213818,2109807,근로기준법 일부개정법률안(대안),PRC_D2Z1W0C3P2O3C1D7Z4X3J4N8X1T8P1,근로기준법,환경노동위원회,찬성,9770968,9700038,0,http://likms.assembly.go.kr/bill/billDetail.do?billId=PRC_D2Z1W0C3P2O3C1D7Z4X3J4N8X1T8P1,http://likms.assembly.go.kr/bill/billDetail.do?billId=PRC_D2Z1W0C3P2O3C1D7Z4X3J4N8X1T8P1,386,4,21,G1570880
280,박재호,朴在昊,더불어민주당,부산 남구을,2100000000103,101182,020012,20210429 213818,2109807,근로기준법 일부개정법률안(대안),PRC_D2Z1W0C3P2O3C1D7Z4X3J4N8X1T8P1,근로기준법,환경노동위원회,찬성,9770950,9700038,0,http://likms.assembly.go.kr/bill/billDetail.do?billId=PRC_D2Z1W0C3P2O3C1D7Z4X3J4N8X1T8P1,http://likms.assembly.go.kr/bill/billDetail.do?billId=PRC_D2Z1W0C3P2O3C1D7Z4X3J4N8X1T8P1,386,4,21,QUO78839
281,최인호,崔仁昊,더불어민주당,부산 사하구갑,2100000000273,101182,020020,20210429 213818,2109807,근로기준법 일부개정법률안(대안),PRC_D2Z1W0C3P2O3C1D7Z4X3J4N8X1T8P1,근로기준법,환경노동위원회,불참,9770952,9700038,0,http://likms.assembly.go.kr/bill/billDetail.do?billId=PRC_D2Z1W0C3P2O3C1D7Z4X3J4N8X1T8P1,http://likms.assembly.go.kr/bill/billDetail.do?billId=PRC_D2Z1W0C3P2O3C1D7Z4X3J4N8X1T8P1,386,4,21,LPB30152
282,정춘숙,鄭春淑,더불어민주당,경기 용인시병,2100000000249,101182,080175,20210429 213818,2109807,근로기준법 일부개정법률안(대안),PRC_D2Z1W0C3P2O3C1D7Z4X3J4N8X1T8P1,근로기준법,환경노동위원회,불참,9771068,9700038,0,http://likms.assembly.go.kr/bill/billDetail.do?billId=PRC_D2Z1W0C3P2O3C1D7Z4X3J4N8X1T8P1,http://likms.assembly.go.kr/bill/billDetail.do?billId=PRC_D2Z1W0C3P2O3C1D7Z4X3J4N8X1T8P1,386,4,21,MD083627
283,이철규,李喆圭,국민의힘,강원 동해시태백시삼척시정선군,2100000000217,101210,210031,20210429 213818,2109807,근로기준법 일부개정법률안(대안),PRC_D2Z1W0C3P2O3C1D7Z4X3J4N8X1T8P1,근로기준법,환경노동위원회,찬성,9771002,9700038,0,http://likms.assembly.go.kr/bill/billDetail.do?billId=PRC_D2Z1W0C3P2O3C1D7Z4X3J4N8X1T8P1,http://likms.assembly.go.kr/bill/billDetail.do?billId=PRC_D2Z1W0C3P2O3C1D7Z4X3J4N8X1T8P1,386,4,21,TZP9391O
284,고용진,高榕진,더불어민주당,서울 노원구갑,2100000000013,101182,010028,20210429 213818,2109807,근로기준법 일부개정법률안(대안),PRC_D2Z1W0C3P2O3C1D7Z4X3J4N8X1T8P1,근로기준법,환경노동위원회,찬성,9770931,9700038,0,http://likms.assembly.go.kr/bill/billDetail.do?billId=PRC_D2Z1W0C3P2O3C1D7Z4X3J4N8X1T8P1,http://likms.assembly.go.kr/bill/billDetail.do?billId=PRC_D2Z1W0C3P2O3C1D7Z4X3J4N8X1T8P1,386,4,21,6V37131U
285,이만희,李晩熙,국민의힘,경북 영천시청도군,2100000000189,101210,150073,20210429 213818,2109807,근로기준법 일부개정법률안(대안),PRC_D2Z1W0C3P2O3C1D7Z4X3J4N8X1T8P1,근로기준법,환경노동위원회,찬성,9771028,9700038,0,http://likms.assembly.go.kr/bill/billDetail.do?billId=PRC_D2Z1W0C3P2O3C1D7Z4X3J4N8X1T8P1,http://likms.assembly.go.kr/bill/billDetail.do?billId=PRC_D2Z1W0C3P2O3C1D7Z4X3J4N8X1T8P1,386,4,21,OSV9142K
286,기동민,奇東旻,더불어민주당,서울 성북구을,2100000000022,101182,010020,20210429 213818,2109807,근로기준법 일부개정법률안(대안),PRC_D2Z1W0C3P2O3C1D7Z4X3J4N8X1T8P1,근로기준법,환경노동위원회,찬성,9770927,9700038,0,http://likms.assembly.go.kr/bill/billDetail.do?billId=PRC_D2Z1W0C3P2O3C1D7Z4X3J4N8X1T8P1,http://likms.assembly.go.kr/bill/billDetail.do?billId=PRC_D2Z1W0C3P2O3C1D7Z4X3J4N8X1T8P1,386,4,21,B7R2742J
287,맹성규,孟聖奎,더불어민주당,인천 남동구갑,2100000000082,101182,040010,20210429 213818,2109807,근로기준법 일부개정법률안(대안),PRC_D2Z1W0C3P2O3C1D7Z4X3J4N8X1T8P1,근로기준법,환경노동위원회,찬성,9771091,9700038,0,http://likms.assembly.go.kr/bill/billDetail.do?billId=PRC_D2Z1W0C3P2O3C1D7Z4X3J4N8X1T8P1,http://likms.assembly.go.kr/bill/billDetail.do?billId=PRC_D2Z1W0C3P2O3C1D7Z4X3J4N8X1T8P1,386,4,21,FJK3396E
288,윤주경,尹柱卿,국민의힘,비례대표,2100000000176,101210,240001,20210429 213818,2109807,근로기준법 일부개정법률안(대안),PRC_D2Z1W0C3P2O3C1D7Z4X3J4N8X1T8P1,근로기준법,환경노동위원회,반대,9771239,9700038,0,http://likms.assembly.go.kr/bill/billDetail.do?billId=PRC_D2Z1W0C3P2O3C1D7Z4X3J4N8X1T8P1,http://likms.assembly.go.kr/bill/billDetail.do?billId=PRC_D2Z1W0C3P2O3C1D7Z4X3J4N8X1T8P1,386,4,21,ZDP5704Q
289,양이원영,梁李媛瑛,더불어민주당,비례대표,2100000000148,101182,240001,20210429 213818,2109807,근로기준법 일부개정법률안(대안),PRC_D2Z1W0C3P2O3C1D7Z4X3J4N8X1T8P1,근로기준법,환경노동위원회,찬성,9771287,9700038,0,http://likms.assembly.go.kr/bill/billDetail.do?billId=PRC_D2Z1W0C3P2O3C1D7Z4X3J4N8X1T8P1,http://likms.assembly.go.kr/bill/billDetail.do?billId=PRC_D2Z1W0C3P2O3C1D7Z4X3J4N8X1T8P1,386,4,21,7O71647Z
290,이은주,李恩周,정의당,비례대표,2100000000208,101180,240001,20210429 213818,2109807,근로기준법 일부개정법률안(대안),PRC_D2Z1W0C3P2O3C1D7Z4X3J4N8X1T8P1,근로기준법,환경노동위원회,찬성,9771278,9700038,0,http://likms.assembly.go.kr/bill/billDetail.do?billId=PRC_D2Z1W0C3P2O3C1D7Z4X3J4N8X1T8P1,http://likms.assembly.go.kr/bill/billDetail.do?billId=PRC_D2Z1W0C3P2O3C1D7Z4X3J4N8X1T8P1,386,4,21,W1Q6753M
291,곽상도,郭尙道,무소속,대구 중구남구,2100000000014,101030,030001,20210429 213818,2109807,근로기준법 일부개정법률안(대안),PRC_D2Z1W0C3P2O3C1D7Z4X3J4N8X1T8P1,근로기준법,환경노동위원회,찬성,9770956,9700038,0,http://likms.assembly.go.kr/bill/billDetail.do?billId=PRC_D2Z1W0C3P2O3C1D7Z4X3J4N8X1T8P1,http://likms.assembly.go.kr/bill/billDetail.do?billId=PRC_D2Z1W0C3P2O3C1D7Z4X3J4N8X1T8P1,386,4,21,MHK9919B
292,김정재,金汀才,국민의힘,경북 포항시북구,2100000000061,101210,150001,20210429 213818,2109807,근로기준법 일부개정법률안(대안),PRC_D2Z1W0C3P2O3C1D7Z4X3J4N8X1T8P1,근로기준법,환경노동위원회,찬성,9771023,9700038,0,http://likms.assembly.go.kr/bill/billDetail.do?billId=PRC_D2Z1W0C3P2O3C1D7Z4X3J4N8X1T8P1,http://likms.assembly.go.kr/bill/billDetail.do?billId=PRC_D2Z1W0C3P2O3C1D7Z4X3J4N8X1T8P1,386,4,21,E1J8836Y
293,송갑석,宋甲錫,더불어민주당,광주 서구갑,2100000000128,101182,050003,20210429 213818,2109807,근로기준법 일부개정법률안(대안),PRC_D2Z1W0C3P2O3C1D7Z4X3J4N8X1T8P1,근로기준법,환경노동위원회,불참,9771093,9700038,0,http://likms.assembly.go.kr/bill/billDetail.do?billId=PRC_D2Z1W0C3P2O3C1D7Z4X3J4N8X1T8P1,http://likms.assembly.go.kr/bill/billDetail.do?billId=PRC_D2Z1W0C3P2O3C1D7Z4X3J4N8X1T8P1,386,4,21,RD42006Y
294,이규민,李圭閔,더불어민주당,경기 안성시,2100000000185,101182,080071,20210429 213818,2109807,근로기준법 일부개정법률안(대안),PRC_D2Z1W0C3P2O3C1D7Z4X3J4N8X1T8P1,근로기준법,환경노동위원회,찬성,9771191,9700038,0,http://likms.assembly.go.kr/bill/billDetail.do?billId=PRC_D2Z1W0C3P2O3C1D7Z4X3J4N8X1T8P1,http://likms.assembly.go.kr/bill/billDetail.do?billId=PRC_D2Z1W0C3P2O3C1D7Z4X3J4N8X1T8P1,386,4,21,AE685067
295,전용기,田溶冀,더불어민주당,비례대표,2100000000234,101182,240001,20210429 213818,2109807,근로기준법 일부개정법률안(대안),PRC_D2Z1W0C3P2O3C1D7Z4X3J4N8X1T8P1,근로기준법,환경노동위원회,찬성,9771272,9700038,0,http://likms.assembly.go.kr/bill/billDetail.do?billId=PRC_D2Z1W0C3P2O3C1D7Z4X3J4N8X1T8P1,http://likms.assembly.go.kr/bill/billDetail.do?billId=PRC_D2Z1W0C3P2O3C1D7Z4X3J4N8X1T8P1,386,4,21,TJW93720
296,이탄희,李誕熙,더불어민주당,경기 용인시정,2100000000218,101182,080184,20210429 213818,2109807,근로기준법 일부개정법률안(대안),PRC_D2Z1W0C3P2O3C1D7Z4X3J4N8X1T8P1,근로기준법,환경노동위원회,찬성,9771190,9700038,0,http://likms.assembly.go.kr/bill/billDetail.do?billId=PRC_D2Z1W0C3P2O3C1D7Z4X3J4N8X1T8P1,http://likms.assembly.go.kr/bill/billDetail.do?billId=PRC_D2Z1W0C3P2O3C1D7Z4X3J4N8X1T8P1,386,4,21,9S151177
297,민병덕,閔炳德,더불어민주당,경기 안양시동안구갑,2100000000085,101182,080019,20210429 213818,2109807,근로기준법 일부개정법률안(대안),PRC_D2Z1W0C3P2O3C1D7Z4X3J4N8X1T8P1,근로기준법,환경노동위원회,찬성,9771175,9700038,0,http://likms.assembly.go.kr/bill/billDetail.do?billId=PRC_D2Z1W0C3P2O3C1D7Z4X3J4N8X1T8P1,http://likms.assembly.go.kr/bill/billDetail.do?billId=PRC_D2Z1W0C3P2O3C1D7Z4X3J4N8X1T8P1,386,4,21,TZ228122
298,홍정민,洪貞敏,더불어민주당,경기 고양시병,2100000000296,101182,080192,20210429 213818,2109807,근로기준법 일부개정법률안(대안),PRC_D2Z1W0C3P2O3C1D7Z4X3J4N8X1T8P1,근로기준법,환경노동위원회,찬성,9771183,9700038,0,http://likms.assembly.go.kr/bill/billDetail.do?billId=PRC_D2Z1W0C3P2O3C1D7Z4X3J4N8X1T8P1,http://likms.assembly.go.kr/bill/billDetail.do?billId=PRC_D2Z1W0C3P2O3C1D7Z4X3J4N8X1T8P1,386,4,21,XA42275R
299,김홍걸,金弘傑,더불어민주당,비례대표,2100000000073,101182,240001,20210429 213818,2109807,근로기준법 일부개정법률안(대안),PRC_D2Z1W0C3P2O3C1D7Z4X3J4N8X1T8P1,근로기준법,환경노동위원회,불참,9771270,9700038,0,http://likms.assembly.go.kr/bill/billDetail.do?billId=PRC_D2Z1W0C3P2O3C1D7Z4X3J4N8X1T8P1,http://likms.assembly.go.kr/bill/billDetail.do?billId=PRC_D2Z1W0C3P2O3C1D7Z4X3J4N8X1T8P1,386,4,21,PO64874I
